1.928819999999999979e-01,-6.172739999999999894e-01,-6.782100000000000628e-02
1.979720000000000091e-01,-6.365600000000000147e-01,-6.169299999999999784e-02
1.885189999999999921e-01,-6.305020000000000069e-01,-7.466699999999999726e-02
1.885189999999999921e-01,-6.305020000000000069e-01,-7.466699999999999726e-02
1.979720000000000091e-01,-6.365600000000000147e-01,-6.169299999999999784e-02
1.929299999999999904e-01,-6.524750000000000272e-01,-6.661599999999999466e-02
1.234559999999999963e-01,-4.476740000000000164e-01,-1.370580000000000132e-01
1.220809999999999951e-01,-4.665960000000000107e-01,-1.362059999999999937e-01
1.093900000000000011e-01,-4.488579999999999792e-01,-1.501149999999999984e-01
1.093900000000000011e-01,-4.488579999999999792e-01,-1.501149999999999984e-01
1.220809999999999951e-01,-4.665960000000000107e-01,-1.362059999999999937e-01
1.087049999999999961e-01,-4.678990000000000093e-01,-1.476000000000000090e-01
1.824409999999999921e-01,-5.842910000000000048e-01,-4.308200000000000224e-02
1.857229999999999992e-01,-5.944490000000000052e-01,-3.733399999999999913e-02
1.913940000000000086e-01,-6.012520000000000087e-01,-5.727499999999999952e-02
1.913940000000000086e-01,-6.012520000000000087e-01,-5.727499999999999952e-02
1.857229999999999992e-01,-5.944490000000000052e-01,-3.733399999999999913e-02
1.979750000000000121e-01,-6.166979999999999684e-01,-5.156999999999999779e-02
7.455900000000000027e-02,-6.103859999999999841e-01,-1.267210000000000003e-01
9.601400000000000212e-02,-6.147329999999999739e-01,-1.223380000000000023e-01
7.547399999999999942e-02,-6.270550000000000290e-01,-1.171949999999999936e-01
7.547399999999999942e-02,-6.270550000000000290e-01,-1.171949999999999936e-01
9.601400000000000212e-02,-6.147329999999999739e-01,-1.223380000000000023e-01
9.801700000000000690e-02,-6.335190000000000543e-01,-1.121650000000000008e-01
1.340200000000000002e-01,-6.900079999999999547e-01,8.098800000000000443e-02
1.426590000000000080e-01,-6.818790000000000129e-01,8.122500000000000553e-02
1.282189999999999996e-01,-6.703869999999999552e-01,8.597299999999999387e-02
1.340200000000000002e-01,-6.900079999999999547e-01,8.098800000000000443e-02
1.282189999999999996e-01,-6.703869999999999552e-01,8.597299999999999387e-02
1.148229999999999945e-01,-6.743799999999999795e-01,8.543299999999999506e-02
1.148229999999999945e-01,-6.743799999999999795e-01,8.543299999999999506e-02
1.282189999999999996e-01,-6.703869999999999552e-01,8.597299999999999387e-02
1.101010000000000044e-01,-6.536499999999999533e-01,8.984699999999999631e-02
9.138000000000000289e-02,-4.525310000000000166e-01,-1.605229999999999990e-01
9.122700000000000253e-02,-4.719439999999999746e-01,-1.571619999999999961e-01
6.979499999999999593e-02,-4.564469999999999916e-01,-1.674990000000000090e-01
6.979499999999999593e-02,-4.564469999999999916e-01,-1.674990000000000090e-01
9.122700000000000253e-02,-4.719439999999999746e-01,-1.571619999999999961e-01
6.962100000000000233e-02,-4.822779999999999845e-01,-1.616529999999999911e-01
5.294700000000000101e-02,-6.043380000000000418e-01,-1.296849999999999947e-01
7.455900000000000027e-02,-6.103859999999999841e-01,-1.267210000000000003e-01
5.322899999999999854e-02,-6.201229999999999798e-01,-1.217290000000000039e-01
5.322899999999999854e-02,-6.201229999999999798e-01,-1.217290000000000039e-01
7.455900000000000027e-02,-6.103859999999999841e-01,-1.267210000000000003e-01
7.547399999999999942e-02,-6.270550000000000290e-01,-1.171949999999999936e-01
1.769040000000000057e-01,-5.861319999999999864e-01,-2.196499999999999841e-02
1.857229999999999992e-01,-5.944490000000000052e-01,-3.733399999999999913e-02
1.746580000000000077e-01,-5.772260000000000169e-01,-2.648599999999999913e-02
1.746580000000000077e-01,-5.772260000000000169e-01,-2.648599999999999913e-02
1.857229999999999992e-01,-5.944490000000000052e-01,-3.733399999999999913e-02
1.824409999999999921e-01,-5.842910000000000048e-01,-4.308200000000000224e-02
4.734900000000000220e-02,-6.254440000000000000e-01,7.738000000000000433e-02
2.581500000000000114e-02,-6.315709999999999935e-01,6.982099999999999418e-02
5.063000000000000139e-02,-6.414220000000000477e-01,7.455499999999999627e-02
4.012399999999999994e-02,-3.736800000000000122e-01,4.419900000000000218e-02
5.893099999999999727e-02,-3.692320000000000046e-01,4.400500000000000245e-02
4.084100000000000230e-02,-3.504149999999999765e-01,3.970300000000000218e-02
1.440670000000000006e-01,-3.883280000000000065e-01,-4.631999999999999833e-03
1.281889999999999974e-01,-3.721030000000000171e-01,9.901999999999999344e-03
1.296450000000000102e-01,-3.928539999999999810e-01,1.686700000000000005e-02
1.979720000000000091e-01,-6.365600000000000147e-01,-6.169299999999999784e-02
1.928819999999999979e-01,-6.172739999999999894e-01,-6.782100000000000628e-02
1.979750000000000121e-01,-6.166979999999999684e-01,-5.156999999999999779e-02
1.979750000000000121e-01,-6.166979999999999684e-01,-5.156999999999999779e-02
1.928819999999999979e-01,-6.172739999999999894e-01,-6.782100000000000628e-02
1.913940000000000086e-01,-6.012520000000000087e-01,-5.727499999999999952e-02
1.809870000000000090e-01,-6.407720000000000082e-01,-8.023500000000000076e-02
1.847969999999999891e-01,-6.643149999999999888e-01,-7.066300000000000359e-02
1.711880000000000068e-01,-6.467260000000000231e-01,-8.633000000000000396e-02
1.711880000000000068e-01,-6.467260000000000231e-01,-8.633000000000000396e-02
1.847969999999999891e-01,-6.643149999999999888e-01,-7.066300000000000359e-02
1.745750000000000079e-01,-6.710469999999999491e-01,-7.611099999999999810e-02
6.962100000000000233e-02,-4.822779999999999845e-01,-1.616529999999999911e-01
4.610600000000000115e-02,-4.786810000000000231e-01,-1.632699999999999985e-01
6.979499999999999593e-02,-4.564469999999999916e-01,-1.674990000000000090e-01
1.093900000000000011e-01,-4.488579999999999792e-01,-1.501149999999999984e-01
1.237349999999999978e-01,-4.267079999999999762e-01,-1.398890000000000133e-01
1.234559999999999963e-01,-4.476740000000000164e-01,-1.370580000000000132e-01
1.585459999999999925e-01,-6.132990000000000386e-01,7.398799999999999821e-02
1.580550000000000010e-01,-5.996789999999999621e-01,6.966799999999999382e-02
1.517449999999999910e-01,-6.067700000000000315e-01,7.709900000000000087e-02
1.517449999999999910e-01,-6.067700000000000315e-01,7.709900000000000087e-02
1.580550000000000010e-01,-5.996789999999999621e-01,6.966799999999999382e-02
1.531359999999999943e-01,-5.914399999999999658e-01,7.213100000000000067e-02
1.728179999999999994e-01,-5.798640000000000461e-01,-5.670999999999999826e-03
1.769040000000000057e-01,-5.861319999999999864e-01,-2.196499999999999841e-02
1.716540000000000010e-01,-5.707149999999999723e-01,-9.520999999999999949e-03
1.716540000000000010e-01,-5.707149999999999723e-01,-9.520999999999999949e-03
1.769040000000000057e-01,-5.861319999999999864e-01,-2.196499999999999841e-02
1.746580000000000077e-01,-5.772260000000000169e-01,-2.648599999999999913e-02
2.717800000000000077e-02,-6.442200000000000149e-01,6.706800000000000261e-02
2.581500000000000114e-02,-6.315709999999999935e-01,6.982099999999999418e-02
4.906999999999999904e-03,-6.398669999999999636e-01,6.649099999999999455e-02
4.906999999999999904e-03,-6.398669999999999636e-01,6.649099999999999455e-02
2.581500000000000114e-02,-6.315709999999999935e-01,6.982099999999999418e-02
4.010999999999999809e-03,-6.276690000000000325e-01,6.901500000000000690e-02
1.716540000000000010e-01,-5.707149999999999723e-01,-9.520999999999999949e-03
1.710699999999999998e-01,-5.632030000000000092e-01,6.754999999999999720e-03
1.728179999999999994e-01,-5.798640000000000461e-01,-5.670999999999999826e-03
1.130010000000000042e-01,-3.994469999999999965e-01,3.304900000000000199e-02
1.296450000000000102e-01,-3.928539999999999810e-01,1.686700000000000005e-02
1.121980000000000061e-01,-3.772220000000000018e-01,2.582600000000000173e-02
1.121980000000000061e-01,-3.772220000000000018e-01,2.582600000000000173e-02
1.296450000000000102e-01,-3.928539999999999810e-01,1.686700000000000005e-02
1.281889999999999974e-01,-3.721030000000000171e-01,9.901999999999999344e-03
1.595759999999999956e-01,-4.050469999999999904e-01,-5.168699999999999684e-02
1.533039999999999958e-01,-3.849719999999999809e-01,-3.005599999999999938e-02
1.551440000000000041e-01,-4.067390000000000172e-01,-2.360599999999999851e-02
1.440670000000000006e-01,-3.883280000000000065e-01,-4.631999999999999833e-03
1.296450000000000102e-01,-3.928539999999999810e-01,1.686700000000000005e-02
1.464709999999999901e-01,-4.092459999999999987e-01,1.765000000000000076e-03
1.533039999999999958e-01,-3.849719999999999809e-01,-3.005599999999999938e-02
1.440670000000000006e-01,-3.883280000000000065e-01,-4.631999999999999833e-03
1.551440000000000041e-01,-4.067390000000000172e-01,-2.360599999999999851e-02
1.551440000000000041e-01,-4.067390000000000172e-01,-2.360599999999999851e-02
1.440670000000000006e-01,-3.883280000000000065e-01,-4.631999999999999833e-03
1.464709999999999901e-01,-4.092459999999999987e-01,1.765000000000000076e-03
4.135899999999999993e-02,-5.029280000000000417e-01,-1.569000000000000117e-01
4.610600000000000115e-02,-4.786810000000000231e-01,-1.632699999999999985e-01
5.898599999999999677e-02,-5.085610000000000408e-01,-1.610090000000000132e-01
5.898599999999999677e-02,-5.085610000000000408e-01,-1.610090000000000132e-01
4.610600000000000115e-02,-4.786810000000000231e-01,-1.632699999999999985e-01
6.962100000000000233e-02,-4.822779999999999845e-01,-1.616529999999999911e-01
1.595759999999999956e-01,-4.050469999999999904e-01,-5.168699999999999684e-02
1.551440000000000041e-01,-4.067390000000000172e-01,-2.360599999999999851e-02
1.613900000000000057e-01,-4.268710000000000004e-01,-4.657900000000000235e-02
1.565830000000000000e-01,-4.044909999999999894e-01,-7.970399999999999707e-02
1.595759999999999956e-01,-4.050469999999999904e-01,-5.168699999999999684e-02
1.573680000000000079e-01,-4.290660000000000029e-01,-7.587099999999999400e-02
1.573680000000000079e-01,-4.290660000000000029e-01,-7.587099999999999400e-02
1.595759999999999956e-01,-4.050469999999999904e-01,-5.168699999999999684e-02
1.613900000000000057e-01,-4.268710000000000004e-01,-4.657900000000000235e-02
1.584760000000000058e-01,-5.872169999999999890e-01,6.424699999999999855e-02
1.600900000000000101e-01,-5.773859999999999548e-01,5.741000000000000270e-02
1.554329999999999878e-01,-5.783139999999999947e-01,6.568699999999999539e-02
1.554329999999999878e-01,-5.783139999999999947e-01,6.568699999999999539e-02
1.600900000000000101e-01,-5.773859999999999548e-01,5.741000000000000270e-02
1.584879999999999900e-01,-5.676430000000000087e-01,5.788700000000000095e-02
1.121980000000000061e-01,-3.772220000000000018e-01,2.582600000000000173e-02
9.538800000000000057e-02,-3.825669999999999904e-01,3.741300000000000181e-02
1.130010000000000042e-01,-3.994469999999999965e-01,3.304900000000000199e-02
1.121980000000000061e-01,-3.772220000000000018e-01,2.582600000000000173e-02
9.610200000000000686e-02,-3.618219999999999770e-01,3.196700000000000236e-02
9.538800000000000057e-02,-3.825669999999999904e-01,3.741300000000000181e-02
1.560149999999999870e-01,-6.556189999999999518e-01,8.122600000000000653e-02
1.529409999999999936e-01,-6.392539999999999889e-01,8.153799999999999937e-02
1.451220000000000010e-01,-6.517370000000000108e-01,8.325799999999999867e-02
1.451220000000000010e-01,-6.517370000000000108e-01,8.325799999999999867e-02
1.529409999999999936e-01,-6.392539999999999889e-01,8.153799999999999937e-02
1.430859999999999910e-01,-6.337009999999999588e-01,8.411699999999999733e-02
1.363300000000000067e-01,-6.628009999999999735e-01,8.487300000000000400e-02
1.426590000000000080e-01,-6.818790000000000129e-01,8.122500000000000553e-02
1.498909999999999965e-01,-6.697689999999999477e-01,8.125000000000000278e-02
1.451220000000000010e-01,-6.517370000000000108e-01,8.325799999999999867e-02
1.363300000000000067e-01,-6.628009999999999735e-01,8.487300000000000400e-02
1.498909999999999965e-01,-6.697689999999999477e-01,8.125000000000000278e-02
8.906600000000000628e-02,-6.359010000000000495e-01,9.099400000000000543e-02
9.351500000000000090e-02,-6.560749999999999638e-01,8.743499999999999883e-02
1.101010000000000044e-01,-6.536499999999999533e-01,8.984699999999999631e-02
1.101010000000000044e-01,-6.536499999999999533e-01,8.984699999999999631e-02
9.351500000000000090e-02,-6.560749999999999638e-01,8.743499999999999883e-02
1.148229999999999945e-01,-6.743799999999999795e-01,8.543299999999999506e-02
8.906600000000000628e-02,-6.359010000000000495e-01,9.099400000000000543e-02
7.118099999999999428e-02,-6.395579999999999599e-01,8.385900000000000298e-02
9.351500000000000090e-02,-6.560749999999999638e-01,8.743499999999999883e-02
4.734900000000000220e-02,-6.254440000000000000e-01,7.738000000000000433e-02
5.063000000000000139e-02,-6.414220000000000477e-01,7.455499999999999627e-02
7.118099999999999428e-02,-6.395579999999999599e-01,8.385900000000000298e-02
7.118099999999999428e-02,-6.395579999999999599e-01,8.385900000000000298e-02
5.063000000000000139e-02,-6.414220000000000477e-01,7.455499999999999627e-02
7.358900000000000163e-02,-6.563449999999999562e-01,8.060799999999999910e-02
1.529409999999999936e-01,-6.392539999999999889e-01,8.153799999999999937e-02
1.594909999999999939e-01,-6.280299999999999772e-01,7.747999999999999332e-02
1.517219999999999958e-01,-6.227380000000000138e-01,8.016700000000000215e-02
6.615000000000000220e-03,-3.566699999999999871e-01,2.960300000000000084e-02
2.240100000000000077e-02,-3.775709999999999900e-01,3.952200000000000157e-02
2.277300000000000157e-02,-3.537989999999999746e-01,3.568999999999999950e-02
4.135899999999999993e-02,-5.029280000000000417e-01,-1.569000000000000117e-01
2.253900000000000001e-02,-4.984759999999999747e-01,-1.542100000000000137e-01
4.610600000000000115e-02,-4.786810000000000231e-01,-1.632699999999999985e-01
4.610600000000000115e-02,-4.786810000000000231e-01,-1.632699999999999985e-01
2.253900000000000001e-02,-4.984759999999999747e-01,-1.542100000000000137e-01
2.350599999999999912e-02,-4.744459999999999789e-01,-1.631319999999999992e-01
4.012399999999999994e-02,-3.736800000000000122e-01,4.419900000000000218e-02
5.873199999999999948e-02,-3.924400000000000110e-01,4.994400000000000228e-02
5.893099999999999727e-02,-3.692320000000000046e-01,4.400500000000000245e-02
5.873199999999999948e-02,-3.924400000000000110e-01,4.994400000000000228e-02
7.752499999999999669e-02,-3.877030000000000198e-01,4.578499999999999931e-02
5.893099999999999727e-02,-3.692320000000000046e-01,4.400500000000000245e-02
5.893099999999999727e-02,-3.692320000000000046e-01,4.400500000000000245e-02
7.752499999999999669e-02,-3.877030000000000198e-01,4.578499999999999931e-02
7.779400000000000204e-02,-3.655349999999999988e-01,4.001099999999999796e-02
4.084100000000000230e-02,-3.504149999999999765e-01,3.970300000000000218e-02
2.277300000000000157e-02,-3.537989999999999746e-01,3.568999999999999950e-02
4.012399999999999994e-02,-3.736800000000000122e-01,4.419900000000000218e-02
4.012399999999999994e-02,-3.736800000000000122e-01,4.419900000000000218e-02
2.277300000000000157e-02,-3.537989999999999746e-01,3.568999999999999950e-02
2.240100000000000077e-02,-3.775709999999999900e-01,3.952200000000000157e-02
1.480619999999999992e-01,-4.271380000000000177e-01,-1.018489999999999951e-01
1.364769999999999872e-01,-4.256199999999999983e-01,-1.229620000000000019e-01
1.473810000000000120e-01,-4.037740000000000218e-01,-1.036689999999999973e-01
7.118099999999999428e-02,-6.395579999999999599e-01,8.385900000000000298e-02
7.358900000000000163e-02,-6.563449999999999562e-01,8.060799999999999910e-02
9.351500000000000090e-02,-6.560749999999999638e-01,8.743499999999999883e-02
2.717800000000000077e-02,-6.442200000000000149e-01,6.706800000000000261e-02
5.063000000000000139e-02,-6.414220000000000477e-01,7.455499999999999627e-02
2.581500000000000114e-02,-6.315709999999999935e-01,6.982099999999999418e-02
1.580550000000000010e-01,-5.996789999999999621e-01,6.966799999999999382e-02
1.584760000000000058e-01,-5.872169999999999890e-01,6.424699999999999855e-02
1.531359999999999943e-01,-5.914399999999999658e-01,7.213100000000000067e-02
1.531359999999999943e-01,-5.914399999999999658e-01,7.213100000000000067e-02
1.584760000000000058e-01,-5.872169999999999890e-01,6.424699999999999855e-02
1.554329999999999878e-01,-5.783139999999999947e-01,6.568699999999999539e-02
9.610200000000000686e-02,-3.618219999999999770e-01,3.196700000000000236e-02
7.779400000000000204e-02,-3.655349999999999988e-01,4.001099999999999796e-02
9.538800000000000057e-02,-3.825669999999999904e-01,3.741300000000000181e-02
9.538800000000000057e-02,-3.825669999999999904e-01,3.741300000000000181e-02
7.779400000000000204e-02,-3.655349999999999988e-01,4.001099999999999796e-02
7.752499999999999669e-02,-3.877030000000000198e-01,4.578499999999999931e-02
1.167750000000000038e-01,-6.190069999999999739e-01,-1.178609999999999935e-01
1.358800000000000008e-01,-6.220179999999999598e-01,-1.121840000000000059e-01
1.203209999999999974e-01,-6.405440000000000023e-01,-1.071389999999999981e-01
1.203209999999999974e-01,-6.405440000000000023e-01,-1.071389999999999981e-01
1.358800000000000008e-01,-6.220179999999999598e-01,-1.121840000000000059e-01
1.407110000000000027e-01,-6.456709999999999949e-01,-1.009599999999999942e-01
1.093900000000000011e-01,-4.488579999999999792e-01,-1.501149999999999984e-01
1.087049999999999961e-01,-4.678990000000000093e-01,-1.476000000000000090e-01
9.138000000000000289e-02,-4.525310000000000166e-01,-1.605229999999999990e-01
9.138000000000000289e-02,-4.525310000000000166e-01,-1.605229999999999990e-01
1.087049999999999961e-01,-4.678990000000000093e-01,-1.476000000000000090e-01
9.122700000000000253e-02,-4.719439999999999746e-01,-1.571619999999999961e-01
1.203209999999999974e-01,-6.405440000000000023e-01,-1.071389999999999981e-01
9.801700000000000690e-02,-6.335190000000000543e-01,-1.121650000000000008e-01
1.167750000000000038e-01,-6.190069999999999739e-01,-1.178609999999999935e-01
1.167750000000000038e-01,-6.190069999999999739e-01,-1.178609999999999935e-01
9.801700000000000690e-02,-6.335190000000000543e-01,-1.121650000000000008e-01
9.601400000000000212e-02,-6.147329999999999739e-01,-1.223380000000000023e-01
1.580489999999999950e-01,-6.487579999999999458e-01,-9.369199999999999751e-02
1.407110000000000027e-01,-6.456709999999999949e-01,-1.009599999999999942e-01
1.526810000000000112e-01,-6.236429999999999474e-01,-1.051770000000000066e-01
1.526810000000000112e-01,-6.236429999999999474e-01,-1.051770000000000066e-01
1.407110000000000027e-01,-6.456709999999999949e-01,-1.009599999999999942e-01
1.358800000000000008e-01,-6.220179999999999598e-01,-1.121840000000000059e-01
1.673119999999999885e-01,-5.642759999999999998e-01,3.708700000000000191e-02
1.703000000000000069e-01,-5.613550000000000484e-01,2.293800000000000006e-02
1.664309999999999956e-01,-5.536379999999999635e-01,3.554899999999999727e-02
1.664309999999999956e-01,-5.536379999999999635e-01,3.554899999999999727e-02
1.703000000000000069e-01,-5.613550000000000484e-01,2.293800000000000006e-02
1.696489999999999942e-01,-5.498480000000000034e-01,2.060000000000000026e-02
1.600900000000000101e-01,-5.773859999999999548e-01,5.741000000000000270e-02
1.631599999999999995e-01,-5.696579999999999977e-01,4.867199999999999999e-02
1.584879999999999900e-01,-5.676430000000000087e-01,5.788700000000000095e-02
1.584879999999999900e-01,-5.676430000000000087e-01,5.788700000000000095e-02
1.631599999999999995e-01,-5.696579999999999977e-01,4.867199999999999999e-02
1.619950000000000001e-01,-5.592350000000000376e-01,4.803400000000000031e-02
1.631599999999999995e-01,-5.696579999999999977e-01,4.867199999999999999e-02
1.673119999999999885e-01,-5.642759999999999998e-01,3.708700000000000191e-02
1.619950000000000001e-01,-5.592350000000000376e-01,4.803400000000000031e-02
1.619950000000000001e-01,-5.592350000000000376e-01,4.803400000000000031e-02
1.673119999999999885e-01,-5.642759999999999998e-01,3.708700000000000191e-02
1.664309999999999956e-01,-5.536379999999999635e-01,3.554899999999999727e-02
1.703000000000000069e-01,-5.613550000000000484e-01,2.293800000000000006e-02
1.710699999999999998e-01,-5.632030000000000092e-01,6.754999999999999720e-03
1.696489999999999942e-01,-5.498480000000000034e-01,2.060000000000000026e-02
1.696489999999999942e-01,-5.498480000000000034e-01,2.060000000000000026e-02
1.710699999999999998e-01,-5.632030000000000092e-01,6.754999999999999720e-03
1.706449999999999911e-01,-5.516550000000000065e-01,3.291000000000000088e-03
1.357379999999999975e-01,-4.481550000000000256e-01,-1.218100000000000016e-01
1.234559999999999963e-01,-4.476740000000000164e-01,-1.370580000000000132e-01
1.364769999999999872e-01,-4.256199999999999983e-01,-1.229620000000000019e-01
1.364769999999999872e-01,-4.256199999999999983e-01,-1.229620000000000019e-01
1.234559999999999963e-01,-4.476740000000000164e-01,-1.370580000000000132e-01
1.237349999999999978e-01,-4.267079999999999762e-01,-1.398890000000000133e-01
1.710699999999999998e-01,-5.632030000000000092e-01,6.754999999999999720e-03
1.716540000000000010e-01,-5.707149999999999723e-01,-9.520999999999999949e-03
1.706449999999999911e-01,-5.516550000000000065e-01,3.291000000000000088e-03
1.594909999999999939e-01,-6.280299999999999772e-01,7.747999999999999332e-02
1.585459999999999925e-01,-6.132990000000000386e-01,7.398799999999999821e-02
1.517219999999999958e-01,-6.227380000000000138e-01,8.016700000000000215e-02
1.517219999999999958e-01,-6.227380000000000138e-01,8.016700000000000215e-02
1.585459999999999925e-01,-6.132990000000000386e-01,7.398799999999999821e-02
1.517449999999999910e-01,-6.067700000000000315e-01,7.709900000000000087e-02
1.364769999999999872e-01,-4.256199999999999983e-01,-1.229620000000000019e-01
1.480619999999999992e-01,-4.271380000000000177e-01,-1.018489999999999951e-01
1.357379999999999975e-01,-4.481550000000000256e-01,-1.218100000000000016e-01
1.363300000000000067e-01,-6.628009999999999735e-01,8.487300000000000400e-02
1.282189999999999996e-01,-6.703869999999999552e-01,8.597299999999999387e-02
1.426590000000000080e-01,-6.818790000000000129e-01,8.122500000000000553e-02
1.517219999999999958e-01,-6.227380000000000138e-01,8.016700000000000215e-02
1.430859999999999910e-01,-6.337009999999999588e-01,8.411699999999999733e-02
1.529409999999999936e-01,-6.392539999999999889e-01,8.153799999999999937e-02
1.451220000000000010e-01,-6.517370000000000108e-01,8.325799999999999867e-02
1.498909999999999965e-01,-6.697689999999999477e-01,8.125000000000000278e-02
1.560149999999999870e-01,-6.556189999999999518e-01,8.122600000000000653e-02
5.322899999999999854e-02,-6.201229999999999798e-01,-1.217290000000000039e-01
3.202499999999999791e-02,-6.139360000000000372e-01,-1.242150000000000060e-01
5.294700000000000101e-02,-6.043380000000000418e-01,-1.296849999999999947e-01
5.294700000000000101e-02,-6.043380000000000418e-01,-1.296849999999999947e-01
3.202499999999999791e-02,-6.139360000000000372e-01,-1.242150000000000060e-01
3.270300000000000290e-02,-5.975989999999999913e-01,-1.306340000000000001e-01
3.202499999999999791e-02,-6.139360000000000372e-01,-1.242150000000000060e-01
1.166500000000000002e-02,-6.097979999999999512e-01,-1.242570000000000063e-01
3.270300000000000290e-02,-5.975989999999999913e-01,-1.306340000000000001e-01
1.847969999999999891e-01,-6.643149999999999888e-01,-7.066300000000000359e-02
1.809870000000000090e-01,-6.407720000000000082e-01,-8.023500000000000076e-02
1.929299999999999904e-01,-6.524750000000000272e-01,-6.661599999999999466e-02
1.929299999999999904e-01,-6.524750000000000272e-01,-6.661599999999999466e-02
1.809870000000000090e-01,-6.407720000000000082e-01,-8.023500000000000076e-02
1.885189999999999921e-01,-6.305020000000000069e-01,-7.466699999999999726e-02
1.580489999999999950e-01,-6.487579999999999458e-01,-9.369199999999999751e-02
1.711880000000000068e-01,-6.467260000000000231e-01,-8.633000000000000396e-02
1.611279999999999935e-01,-6.747630000000000017e-01,-8.175899999999999834e-02
1.611279999999999935e-01,-6.747630000000000017e-01,-8.175899999999999834e-02
1.711880000000000068e-01,-6.467260000000000231e-01,-8.633000000000000396e-02
1.745750000000000079e-01,-6.710469999999999491e-01,-7.611099999999999810e-02
1.526810000000000112e-01,-6.236429999999999474e-01,-1.051770000000000066e-01
1.668540000000000023e-01,-6.235739999999999617e-01,-9.722699999999999398e-02
1.580489999999999950e-01,-6.487579999999999458e-01,-9.369199999999999751e-02
1.580489999999999950e-01,-6.487579999999999458e-01,-9.369199999999999751e-02
1.668540000000000023e-01,-6.235739999999999617e-01,-9.722699999999999398e-02
1.711880000000000068e-01,-6.467260000000000231e-01,-8.633000000000000396e-02
1.473810000000000120e-01,-4.037740000000000218e-01,-1.036689999999999973e-01
1.565830000000000000e-01,-4.044909999999999894e-01,-7.970399999999999707e-02
1.480619999999999992e-01,-4.271380000000000177e-01,-1.018489999999999951e-01
1.480619999999999992e-01,-4.271380000000000177e-01,-1.018489999999999951e-01
1.565830000000000000e-01,-4.044909999999999894e-01,-7.970399999999999707e-02
1.573680000000000079e-01,-4.290660000000000029e-01,-7.587099999999999400e-02
2.277300000000000157e-02,-3.537989999999999746e-01,3.568999999999999950e-02
7.674000000000000266e-03,-3.315150000000000041e-01,2.687000000000000152e-02
6.615000000000000220e-03,-3.566699999999999871e-01,2.960300000000000084e-02
3.202499999999999791e-02,-6.139360000000000372e-01,-1.242150000000000060e-01
1.093799999999999981e-02,-6.272659999999999902e-01,-1.168099999999999972e-01
1.166500000000000002e-02,-6.097979999999999512e-01,-1.242570000000000063e-01
-1.696259999999999990e-01,-6.779870000000000063e-01,-6.288599999999999746e-02
-1.741979999999999917e-01,-6.640190000000000259e-01,-6.576999999999999513e-02
-1.639529999999999876e-01,-6.550240000000000506e-01,-7.708500000000000074e-02
-1.639529999999999876e-01,-6.550240000000000506e-01,-7.708500000000000074e-02
-1.741979999999999917e-01,-6.640190000000000259e-01,-6.576999999999999513e-02
-1.683080000000000132e-01,-6.420120000000000271e-01,-7.689500000000000501e-02
-6.330199999999999716e-02,-4.607550000000000257e-01,-1.492350000000000065e-01
-7.837199999999999722e-02,-4.603760000000000074e-01,-1.402569999999999928e-01
-6.160700000000000204e-02,-4.414680000000000271e-01,-1.504419999999999924e-01
-6.160700000000000204e-02,-4.414680000000000271e-01,-1.504419999999999924e-01
-7.837199999999999722e-02,-4.603760000000000074e-01,-1.402569999999999928e-01
-7.776800000000000379e-02,-4.407579999999999831e-01,-1.401949999999999863e-01
-1.627089999999999925e-01,-6.015059999999999851e-01,-6.544200000000000017e-02
-1.682720000000000049e-01,-6.230229999999999935e-01,-7.348699999999999677e-02
-1.663330000000000086e-01,-6.121320000000000094e-01,-5.889400000000000190e-02
-1.663330000000000086e-01,-6.121320000000000094e-01,-5.889400000000000190e-02
-1.682720000000000049e-01,-6.230229999999999935e-01,-7.348699999999999677e-02
-1.756230000000000013e-01,-6.439639999999999809e-01,-6.493200000000000360e-02
-7.552899999999999892e-02,-6.286720000000000086e-01,-1.078800000000000037e-01
-6.957499999999999796e-02,-6.094019999999999992e-01,-1.194159999999999944e-01
-5.183100000000000207e-02,-6.213400000000000034e-01,-1.143399999999999972e-01
-5.183100000000000207e-02,-6.213400000000000034e-01,-1.143399999999999972e-01
-6.957499999999999796e-02,-6.094019999999999992e-01,-1.194159999999999944e-01
-4.772200000000000053e-02,-6.045300000000000118e-01,-1.239220000000000044e-01
-1.198710000000000053e-01,-6.530799999999999939e-01,1.038950000000000012e-01
-1.387420000000000042e-01,-6.568990000000000107e-01,9.960600000000000009e-02
-1.230330000000000035e-01,-6.760140000000000038e-01,1.030819999999999931e-01
-1.005599999999999966e-01,-6.452160000000000117e-01,1.060170000000000001e-01
-1.198710000000000053e-01,-6.530799999999999939e-01,1.038950000000000012e-01
-1.022910000000000069e-01,-6.678209999999999980e-01,1.044609999999999983e-01
-1.022910000000000069e-01,-6.678209999999999980e-01,1.044609999999999983e-01
-1.198710000000000053e-01,-6.530799999999999939e-01,1.038950000000000012e-01
-1.230330000000000035e-01,-6.760140000000000038e-01,1.030819999999999931e-01
-2.328399999999999914e-02,-4.769490000000000118e-01,-1.601490000000000136e-01
-4.486899999999999916e-02,-4.644630000000000147e-01,-1.564619999999999900e-01
-2.136899999999999911e-02,-4.517800000000000149e-01,-1.659219999999999862e-01
-2.136899999999999911e-02,-4.517800000000000149e-01,-1.659219999999999862e-01
-4.486899999999999916e-02,-4.644630000000000147e-01,-1.564619999999999900e-01
-4.289199999999999957e-02,-4.458730000000000193e-01,-1.591370000000000007e-01
-5.183100000000000207e-02,-6.213400000000000034e-01,-1.143399999999999972e-01
-4.772200000000000053e-02,-6.045300000000000118e-01,-1.239220000000000044e-01
-2.925900000000000029e-02,-6.142009999999999970e-01,-1.204250000000000043e-01
-2.925900000000000029e-02,-6.142009999999999970e-01,-1.204250000000000043e-01
-4.772200000000000053e-02,-6.045300000000000118e-01,-1.239220000000000044e-01
-2.617099999999999982e-02,-5.983039999999999470e-01,-1.281789999999999874e-01
-1.627089999999999925e-01,-6.015059999999999851e-01,-6.544200000000000017e-02
-1.663330000000000086e-01,-6.121320000000000094e-01,-5.889400000000000190e-02
-1.585189999999999932e-01,-5.861950000000000216e-01,-5.008300000000000252e-02
-1.585189999999999932e-01,-5.861950000000000216e-01,-5.008300000000000252e-02
-1.663330000000000086e-01,-6.121320000000000094e-01,-5.889400000000000190e-02
-1.609559999999999880e-01,-5.962060000000000137e-01,-4.431399999999999922e-02
-3.947900000000000020e-02,-6.431329999999999547e-01,8.393799999999999872e-02
-1.722399999999999973e-02,-6.317300000000000137e-01,7.548199999999999354e-02
-3.901799999999999713e-02,-6.256530000000000147e-01,8.577200000000000102e-02
-2.742100000000000093e-02,-3.537000000000000144e-01,4.199599999999999861e-02
-4.583199999999999774e-02,-3.733299999999999952e-01,4.773899999999999672e-02
-2.680899999999999950e-02,-3.760120000000000129e-01,4.782200000000000339e-02
-1.155230000000000007e-01,-3.998129999999999740e-01,8.821999999999999981e-03
-1.108750000000000013e-01,-3.806559999999999944e-01,5.453000000000000382e-03
-1.245939999999999964e-01,-3.949329999999999785e-01,-1.383799999999999961e-02
-1.741979999999999917e-01,-6.640190000000000259e-01,-6.576999999999999513e-02
-1.756230000000000013e-01,-6.439639999999999809e-01,-6.493200000000000360e-02
-1.683080000000000132e-01,-6.420120000000000271e-01,-7.689500000000000501e-02
-1.683080000000000132e-01,-6.420120000000000271e-01,-7.689500000000000501e-02
-1.756230000000000013e-01,-6.439639999999999809e-01,-6.493200000000000360e-02
-1.682720000000000049e-01,-6.230229999999999935e-01,-7.348699999999999677e-02
-1.571079999999999977e-01,-6.625560000000000338e-01,-7.704099999999999837e-02
-1.481300000000000117e-01,-6.645269999999999788e-01,-7.895900000000000141e-02
-1.626779999999999893e-01,-6.862070000000000114e-01,-6.077199999999999963e-02
-1.626779999999999893e-01,-6.862070000000000114e-01,-6.077199999999999963e-02
-1.481300000000000117e-01,-6.645269999999999788e-01,-7.895900000000000141e-02
-1.540519999999999945e-01,-6.885409999999999586e-01,-6.117999999999999827e-02
-2.328399999999999914e-02,-4.769490000000000118e-01,-1.601490000000000136e-01
-2.136899999999999911e-02,-4.517800000000000149e-01,-1.659219999999999862e-01
8.940000000000000464e-04,-4.758549999999999724e-01,-1.623519999999999963e-01
-7.776800000000000379e-02,-4.407579999999999831e-01,-1.401949999999999863e-01
-7.592599999999999349e-02,-4.204869999999999997e-01,-1.409160000000000135e-01
-6.160700000000000204e-02,-4.414680000000000271e-01,-1.504419999999999924e-01
-1.644200000000000106e-01,-5.862950000000000106e-01,6.060200000000000309e-02
-1.577300000000000091e-01,-5.797700000000000076e-01,6.425000000000000155e-02
-1.639309999999999934e-01,-5.760030000000000427e-01,5.273100000000000009e-02
-1.639309999999999934e-01,-5.760030000000000427e-01,5.273100000000000009e-02
-1.577300000000000091e-01,-5.797700000000000076e-01,6.425000000000000155e-02
-1.588410000000000100e-01,-5.676280000000000214e-01,5.519299999999999901e-02
-1.585189999999999932e-01,-5.861950000000000216e-01,-5.008300000000000252e-02
-1.609559999999999880e-01,-5.962060000000000137e-01,-4.431399999999999922e-02
-1.591690000000000049e-01,-5.722270000000000412e-01,-3.472299999999999692e-02
-1.591690000000000049e-01,-5.722270000000000412e-01,-3.472299999999999692e-02
-1.609559999999999880e-01,-5.962060000000000137e-01,-4.431399999999999922e-02
-1.610330000000000095e-01,-5.815080000000000249e-01,-3.060600000000000126e-02
-1.678899999999999837e-02,-6.460620000000000251e-01,7.307600000000000207e-02
4.906999999999999904e-03,-6.398669999999999636e-01,6.649099999999999455e-02
-1.722399999999999973e-02,-6.317300000000000137e-01,7.548199999999999354e-02
-1.722399999999999973e-02,-6.317300000000000137e-01,7.548199999999999354e-02
4.906999999999999904e-03,-6.398669999999999636e-01,6.649099999999999455e-02
4.010999999999999809e-03,-6.276690000000000325e-01,6.901500000000000690e-02
-1.610330000000000095e-01,-5.815080000000000249e-01,-3.060600000000000126e-02
-1.625749999999999973e-01,-5.583160000000000345e-01,-2.016899999999999943e-02
-1.591690000000000049e-01,-5.722270000000000412e-01,-3.472299999999999692e-02
-1.108750000000000013e-01,-3.806559999999999944e-01,5.453000000000000382e-03
-1.155230000000000007e-01,-3.998129999999999740e-01,8.821999999999999981e-03
-9.791600000000000303e-02,-3.857809999999999850e-01,2.258900000000000144e-02
-9.791600000000000303e-02,-3.857809999999999850e-01,2.258900000000000144e-02
-1.155230000000000007e-01,-3.998129999999999740e-01,8.821999999999999981e-03
-1.022350000000000064e-01,-4.053229999999999889e-01,2.710399999999999962e-02
-1.318159999999999887e-01,-4.102390000000000203e-01,-3.687300000000000300e-02
-1.275010000000000032e-01,-3.895100000000000229e-01,-3.850300000000000250e-02
-1.278990000000000127e-01,-4.071640000000000259e-01,-6.299100000000000532e-02
-1.296009999999999940e-01,-4.139950000000000019e-01,-1.129199999999999995e-02
-1.155230000000000007e-01,-3.998129999999999740e-01,8.821999999999999981e-03
-1.245939999999999964e-01,-3.949329999999999785e-01,-1.383799999999999961e-02
-1.296009999999999940e-01,-4.139950000000000019e-01,-1.129199999999999995e-02
-1.245939999999999964e-01,-3.949329999999999785e-01,-1.383799999999999961e-02
-1.318159999999999887e-01,-4.102390000000000203e-01,-3.687300000000000300e-02
-1.318159999999999887e-01,-4.102390000000000203e-01,-3.687300000000000300e-02
-1.245939999999999964e-01,-3.949329999999999785e-01,-1.383799999999999961e-02
-1.275010000000000032e-01,-3.895100000000000229e-01,-3.850300000000000250e-02
-2.328399999999999914e-02,-4.769490000000000118e-01,-1.601490000000000136e-01
8.940000000000000464e-04,-4.758549999999999724e-01,-1.623519999999999963e-01
-1.490900000000000038e-02,-5.033090000000000064e-01,-1.594929999999999959e-01
-1.490900000000000038e-02,-5.033090000000000064e-01,-1.594929999999999959e-01
8.940000000000000464e-04,-4.758549999999999724e-01,-1.623519999999999963e-01
3.200000000000000153e-03,-4.998049999999999993e-01,-1.556800000000000128e-01
-1.313509999999999955e-01,-4.282880000000000020e-01,-6.141900000000000137e-02
-1.318159999999999887e-01,-4.102390000000000203e-01,-3.687300000000000300e-02
-1.278990000000000127e-01,-4.071640000000000259e-01,-6.299100000000000532e-02
-1.313509999999999955e-01,-4.282880000000000020e-01,-6.141900000000000137e-02
-1.278990000000000127e-01,-4.071640000000000259e-01,-6.299100000000000532e-02
-1.205729999999999996e-01,-4.280849999999999933e-01,-8.697199999999999376e-02
-1.205729999999999996e-01,-4.280849999999999933e-01,-8.697199999999999376e-02
-1.278990000000000127e-01,-4.071640000000000259e-01,-6.299100000000000532e-02
-1.178550000000000014e-01,-4.030940000000000079e-01,-8.705799999999999650e-02
-1.639239999999999864e-01,-5.667849999999999833e-01,4.368400000000000061e-02
-1.602490000000000026e-01,-5.572570000000000023e-01,4.494800000000000184e-02
-1.640800000000000036e-01,-5.587600000000000344e-01,3.420299999999999729e-02
-1.640800000000000036e-01,-5.587600000000000344e-01,3.420299999999999729e-02
-1.602490000000000026e-01,-5.572570000000000023e-01,4.494800000000000184e-02
-1.619039999999999924e-01,-5.494729999999999892e-01,3.388100000000000139e-02
-1.022350000000000064e-01,-4.053229999999999889e-01,2.710399999999999962e-02
-8.273999999999999411e-02,-3.905449999999999755e-01,3.584699999999999692e-02
-9.791600000000000303e-02,-3.857809999999999850e-01,2.258900000000000144e-02
-8.273999999999999411e-02,-3.905449999999999755e-01,3.584699999999999692e-02
-8.168000000000000260e-02,-3.694250000000000034e-01,3.238300000000000206e-02
-9.791600000000000303e-02,-3.857809999999999850e-01,2.258900000000000144e-02
-1.468190000000000051e-01,-6.038989999999999636e-01,8.300100000000000533e-02
-1.572689999999999921e-01,-6.078710000000000502e-01,7.867699999999999694e-02
-1.480680000000000052e-01,-6.208249999999999602e-01,8.820100000000000162e-02
-1.480680000000000052e-01,-6.208249999999999602e-01,8.820100000000000162e-02
-1.572689999999999921e-01,-6.078710000000000502e-01,7.867699999999999694e-02
-1.595139999999999891e-01,-6.232579999999999787e-01,8.367700000000000138e-02
-1.510980000000000101e-01,-6.394370000000000331e-01,9.212299999999999656e-02
-1.387420000000000042e-01,-6.568990000000000107e-01,9.960600000000000009e-02
-1.348060000000000092e-01,-6.354389999999999761e-01,9.757599999999999607e-02
-1.510980000000000101e-01,-6.394370000000000331e-01,9.212299999999999656e-02
-1.348060000000000092e-01,-6.354389999999999761e-01,9.757599999999999607e-02
-1.480680000000000052e-01,-6.208249999999999602e-01,8.820100000000000162e-02
-7.970700000000000007e-02,-6.330329999999999568e-01,1.044319999999999971e-01
-1.005599999999999966e-01,-6.452160000000000117e-01,1.060170000000000001e-01
-8.069800000000000584e-02,-6.544140000000000512e-01,1.028489999999999960e-01
-8.069800000000000584e-02,-6.544140000000000512e-01,1.028489999999999960e-01
-1.005599999999999966e-01,-6.452160000000000117e-01,1.060170000000000001e-01
-1.022910000000000069e-01,-6.678209999999999980e-01,1.044609999999999983e-01
-8.069800000000000584e-02,-6.544140000000000512e-01,1.028489999999999960e-01
-6.001599999999999990e-02,-6.395870000000000166e-01,9.600400000000000600e-02
-7.970700000000000007e-02,-6.330329999999999568e-01,1.044319999999999971e-01
-5.980400000000000299e-02,-6.584689999999999710e-01,9.418200000000000183e-02
-3.947900000000000020e-02,-6.431329999999999547e-01,8.393799999999999872e-02
-6.001599999999999990e-02,-6.395870000000000166e-01,9.600400000000000600e-02
-6.001599999999999990e-02,-6.395870000000000166e-01,9.600400000000000600e-02
-3.947900000000000020e-02,-6.431329999999999547e-01,8.393799999999999872e-02
-3.901799999999999713e-02,-6.256530000000000147e-01,8.577200000000000102e-02
-1.647869999999999890e-01,-5.979799999999999560e-01,6.822899999999999798e-02
-1.572689999999999921e-01,-6.078710000000000502e-01,7.867699999999999694e-02
-1.570080000000000087e-01,-5.932349999999999568e-01,7.214299999999999879e-02
-9.745999999999999455e-03,-3.555579999999999852e-01,3.772699999999999665e-02
-9.317999999999999894e-03,-3.790430000000000188e-01,4.267699999999999966e-02
6.615000000000000220e-03,-3.566699999999999871e-01,2.960300000000000084e-02
3.200000000000000153e-03,-4.998049999999999993e-01,-1.556800000000000128e-01
8.940000000000000464e-04,-4.758549999999999724e-01,-1.623519999999999963e-01
2.253900000000000001e-02,-4.984759999999999747e-01,-1.542100000000000137e-01
2.253900000000000001e-02,-4.984759999999999747e-01,-1.542100000000000137e-01
8.940000000000000464e-04,-4.758549999999999724e-01,-1.623519999999999963e-01
2.350599999999999912e-02,-4.744459999999999789e-01,-1.631319999999999992e-01
-4.583199999999999774e-02,-3.733299999999999952e-01,4.773899999999999672e-02
-4.672300000000000064e-02,-3.974989999999999912e-01,5.241200000000000025e-02
-2.680899999999999950e-02,-3.760120000000000129e-01,4.782200000000000339e-02
-6.494600000000000373e-02,-3.719080000000000163e-01,4.238000000000000100e-02
-6.555999999999999328e-02,-3.941299999999999804e-01,4.605800000000000172e-02
-4.583199999999999774e-02,-3.733299999999999952e-01,4.773899999999999672e-02
-4.583199999999999774e-02,-3.733299999999999952e-01,4.773899999999999672e-02
-6.555999999999999328e-02,-3.941299999999999804e-01,4.605800000000000172e-02
-4.672300000000000064e-02,-3.974989999999999912e-01,5.241200000000000025e-02
-9.317999999999999894e-03,-3.790430000000000188e-01,4.267699999999999966e-02
-9.745999999999999455e-03,-3.555579999999999852e-01,3.772699999999999665e-02
-2.680899999999999950e-02,-3.760120000000000129e-01,4.782200000000000339e-02
-2.680899999999999950e-02,-3.760120000000000129e-01,4.782200000000000339e-02
-9.745999999999999455e-03,-3.555579999999999852e-01,3.772699999999999665e-02
-2.742100000000000093e-02,-3.537000000000000144e-01,4.199599999999999861e-02
-1.043509999999999993e-01,-4.006000000000000116e-01,-1.078090000000000021e-01
-9.118999999999999329e-02,-4.198299999999999810e-01,-1.261539999999999884e-01
-1.064049999999999996e-01,-4.235410000000000008e-01,-1.084660000000000069e-01
-8.069800000000000584e-02,-6.544140000000000512e-01,1.028489999999999960e-01
-5.980400000000000299e-02,-6.584689999999999710e-01,9.418200000000000183e-02
-6.001599999999999990e-02,-6.395870000000000166e-01,9.600400000000000600e-02
-1.722399999999999973e-02,-6.317300000000000137e-01,7.548199999999999354e-02
-3.947900000000000020e-02,-6.431329999999999547e-01,8.393799999999999872e-02
-1.678899999999999837e-02,-6.460620000000000251e-01,7.307600000000000207e-02
-1.639309999999999934e-01,-5.760030000000000427e-01,5.273100000000000009e-02
-1.588410000000000100e-01,-5.676280000000000214e-01,5.519299999999999901e-02
-1.639239999999999864e-01,-5.667849999999999833e-01,4.368400000000000061e-02
-1.639239999999999864e-01,-5.667849999999999833e-01,4.368400000000000061e-02
-1.588410000000000100e-01,-5.676280000000000214e-01,5.519299999999999901e-02
-1.602490000000000026e-01,-5.572570000000000023e-01,4.494800000000000184e-02
-6.555999999999999328e-02,-3.941299999999999804e-01,4.605800000000000172e-02
-6.494600000000000373e-02,-3.719080000000000163e-01,4.238000000000000100e-02
-8.273999999999999411e-02,-3.905449999999999755e-01,3.584699999999999692e-02
-8.273999999999999411e-02,-3.905449999999999755e-01,3.584699999999999692e-02
-6.494600000000000373e-02,-3.719080000000000163e-01,4.238000000000000100e-02
-8.168000000000000260e-02,-3.694250000000000034e-01,3.238300000000000206e-02
-1.193850000000000050e-01,-6.494959999999999622e-01,-9.188599999999999546e-02
-1.104320000000000024e-01,-6.238740000000000396e-01,-1.081089999999999968e-01
-9.900899999999999979e-02,-6.388749999999999707e-01,-1.002480000000000038e-01
-9.900899999999999979e-02,-6.388749999999999707e-01,-1.002480000000000038e-01
-1.104320000000000024e-01,-6.238740000000000396e-01,-1.081089999999999968e-01
-9.099899999999999656e-02,-6.162170000000000147e-01,-1.141979999999999940e-01
-4.486899999999999916e-02,-4.644630000000000147e-01,-1.564619999999999900e-01
-6.330199999999999716e-02,-4.607550000000000257e-01,-1.492350000000000065e-01
-4.289199999999999957e-02,-4.458730000000000193e-01,-1.591370000000000007e-01
-4.289199999999999957e-02,-4.458730000000000193e-01,-1.591370000000000007e-01
-6.330199999999999716e-02,-4.607550000000000257e-01,-1.492350000000000065e-01
-6.160700000000000204e-02,-4.414680000000000271e-01,-1.504419999999999924e-01
-6.957499999999999796e-02,-6.094019999999999992e-01,-1.194159999999999944e-01
-7.552899999999999892e-02,-6.286720000000000086e-01,-1.078800000000000037e-01
-9.099899999999999656e-02,-6.162170000000000147e-01,-1.141979999999999940e-01
-9.099899999999999656e-02,-6.162170000000000147e-01,-1.141979999999999940e-01
-7.552899999999999892e-02,-6.286720000000000086e-01,-1.078800000000000037e-01
-9.900899999999999979e-02,-6.388749999999999707e-01,-1.002480000000000038e-01
-1.104320000000000024e-01,-6.238740000000000396e-01,-1.081089999999999968e-01
-1.193850000000000050e-01,-6.494959999999999622e-01,-9.188599999999999546e-02
-1.272949999999999915e-01,-6.321160000000000112e-01,-1.014540000000000025e-01
-1.272949999999999915e-01,-6.321160000000000112e-01,-1.014540000000000025e-01
-1.193850000000000050e-01,-6.494959999999999622e-01,-9.188599999999999546e-02
-1.360780000000000045e-01,-6.604119999999999990e-01,-8.378199999999999537e-02
-1.644150000000000056e-01,-5.424499999999999877e-01,-7.198000000000000405e-03
-1.653560000000000030e-01,-5.520239999999999592e-01,-4.682000000000000398e-03
-1.653270000000000017e-01,-5.427100000000000257e-01,8.066999999999999518e-03
-1.653270000000000017e-01,-5.427100000000000257e-01,8.066999999999999518e-03
-1.653560000000000030e-01,-5.520239999999999592e-01,-4.682000000000000398e-03
-1.662210000000000076e-01,-5.517349999999999755e-01,1.014800000000000077e-02
-1.640800000000000036e-01,-5.587600000000000344e-01,3.420299999999999729e-02
-1.619039999999999924e-01,-5.494729999999999892e-01,3.388100000000000139e-02
-1.649700000000000055e-01,-5.532839999999999980e-01,2.286799999999999944e-02
-1.649700000000000055e-01,-5.532839999999999980e-01,2.286799999999999944e-02
-1.619039999999999924e-01,-5.494729999999999892e-01,3.388100000000000139e-02
-1.637589999999999879e-01,-5.442080000000000251e-01,2.136000000000000051e-02
-1.653270000000000017e-01,-5.427100000000000257e-01,8.066999999999999518e-03
-1.662210000000000076e-01,-5.517349999999999755e-01,1.014800000000000077e-02
-1.637589999999999879e-01,-5.442080000000000251e-01,2.136000000000000051e-02
-1.637589999999999879e-01,-5.442080000000000251e-01,2.136000000000000051e-02
-1.662210000000000076e-01,-5.517349999999999755e-01,1.014800000000000077e-02
-1.649700000000000055e-01,-5.532839999999999980e-01,2.286799999999999944e-02
-1.610850000000000060e-01,-5.483289999999999553e-01,-2.342500000000000138e-02
-1.625749999999999973e-01,-5.583160000000000345e-01,-2.016899999999999943e-02
-1.644150000000000056e-01,-5.424499999999999877e-01,-7.198000000000000405e-03
-1.644150000000000056e-01,-5.424499999999999877e-01,-7.198000000000000405e-03
-1.625749999999999973e-01,-5.583160000000000345e-01,-2.016899999999999943e-02
-1.653560000000000030e-01,-5.520239999999999592e-01,-4.682000000000000398e-03
-7.592599999999999349e-02,-4.204869999999999997e-01,-1.409160000000000135e-01
-7.776800000000000379e-02,-4.407579999999999831e-01,-1.401949999999999863e-01
-9.118999999999999329e-02,-4.198299999999999810e-01,-1.261539999999999884e-01
-9.118999999999999329e-02,-4.198299999999999810e-01,-1.261539999999999884e-01
-7.776800000000000379e-02,-4.407579999999999831e-01,-1.401949999999999863e-01
-9.224100000000000354e-02,-4.430470000000000241e-01,-1.272600000000000120e-01
-1.610850000000000060e-01,-5.483289999999999553e-01,-2.342500000000000138e-02
-1.591690000000000049e-01,-5.722270000000000412e-01,-3.472299999999999692e-02
-1.625749999999999973e-01,-5.583160000000000345e-01,-2.016899999999999943e-02
-1.647869999999999890e-01,-5.979799999999999560e-01,6.822899999999999798e-02
-1.570080000000000087e-01,-5.932349999999999568e-01,7.214299999999999879e-02
-1.644200000000000106e-01,-5.862950000000000106e-01,6.060200000000000309e-02
-1.644200000000000106e-01,-5.862950000000000106e-01,6.060200000000000309e-02
-1.570080000000000087e-01,-5.932349999999999568e-01,7.214299999999999879e-02
-1.577300000000000091e-01,-5.797700000000000076e-01,6.425000000000000155e-02
-9.224100000000000354e-02,-4.430470000000000241e-01,-1.272600000000000120e-01
-1.064049999999999996e-01,-4.235410000000000008e-01,-1.084660000000000069e-01
-9.118999999999999329e-02,-4.198299999999999810e-01,-1.261539999999999884e-01
-1.387420000000000042e-01,-6.568990000000000107e-01,9.960600000000000009e-02
-1.198710000000000053e-01,-6.530799999999999939e-01,1.038950000000000012e-01
-1.348060000000000092e-01,-6.354389999999999761e-01,9.757599999999999607e-02
-1.468190000000000051e-01,-6.038989999999999636e-01,8.300100000000000533e-02
-1.570080000000000087e-01,-5.932349999999999568e-01,7.214299999999999879e-02
-1.572689999999999921e-01,-6.078710000000000502e-01,7.867699999999999694e-02
-1.595139999999999891e-01,-6.232579999999999787e-01,8.367700000000000138e-02
-1.510980000000000101e-01,-6.394370000000000331e-01,9.212299999999999656e-02
-1.480680000000000052e-01,-6.208249999999999602e-01,8.820100000000000162e-02
-6.075999999999999804e-03,-5.939029999999999587e-01,-1.298400000000000110e-01
-8.533000000000000654e-03,-6.104140000000000121e-01,-1.235080000000000067e-01
-2.617099999999999982e-02,-5.983039999999999470e-01,-1.281789999999999874e-01
-2.617099999999999982e-02,-5.983039999999999470e-01,-1.281789999999999874e-01
-8.533000000000000654e-03,-6.104140000000000121e-01,-1.235080000000000067e-01
-2.925900000000000029e-02,-6.142009999999999970e-01,-1.204250000000000043e-01
-6.075999999999999804e-03,-5.939029999999999587e-01,-1.298400000000000110e-01
1.166500000000000002e-02,-6.097979999999999512e-01,-1.242570000000000063e-01
-8.533000000000000654e-03,-6.104140000000000121e-01,-1.235080000000000067e-01
-1.639529999999999876e-01,-6.550240000000000506e-01,-7.708500000000000074e-02
-1.571079999999999977e-01,-6.625560000000000338e-01,-7.704099999999999837e-02
-1.696259999999999990e-01,-6.779870000000000063e-01,-6.288599999999999746e-02
-1.696259999999999990e-01,-6.779870000000000063e-01,-6.288599999999999746e-02
-1.571079999999999977e-01,-6.625560000000000338e-01,-7.704099999999999837e-02
-1.626779999999999893e-01,-6.862070000000000114e-01,-6.077199999999999963e-02
-1.540519999999999945e-01,-6.885409999999999586e-01,-6.117999999999999827e-02
-1.481300000000000117e-01,-6.645269999999999788e-01,-7.895900000000000141e-02
-1.439749999999999919e-01,-6.853759999999999852e-01,-6.453799999999999815e-02
-1.439749999999999919e-01,-6.853759999999999852e-01,-6.453799999999999815e-02
-1.481300000000000117e-01,-6.645269999999999788e-01,-7.895900000000000141e-02
-1.360780000000000045e-01,-6.604119999999999990e-01,-8.378199999999999537e-02
-1.481300000000000117e-01,-6.645269999999999788e-01,-7.895900000000000141e-02
-1.412319999999999964e-01,-6.391719999999999624e-01,-9.538199999999999457e-02
-1.360780000000000045e-01,-6.604119999999999990e-01,-8.378199999999999537e-02
-1.360780000000000045e-01,-6.604119999999999990e-01,-8.378199999999999537e-02
-1.412319999999999964e-01,-6.391719999999999624e-01,-9.538199999999999457e-02
-1.272949999999999915e-01,-6.321160000000000112e-01,-1.014540000000000025e-01
-1.043509999999999993e-01,-4.006000000000000116e-01,-1.078090000000000021e-01
-1.064049999999999996e-01,-4.235410000000000008e-01,-1.084660000000000069e-01
-1.178550000000000014e-01,-4.030940000000000079e-01,-8.705799999999999650e-02
-1.178550000000000014e-01,-4.030940000000000079e-01,-8.705799999999999650e-02
-1.064049999999999996e-01,-4.235410000000000008e-01,-1.084660000000000069e-01
-1.205729999999999996e-01,-4.280849999999999933e-01,-8.697199999999999376e-02
6.615000000000000220e-03,-3.566699999999999871e-01,2.960300000000000084e-02
7.674000000000000266e-03,-3.315150000000000041e-01,2.687000000000000152e-02
-9.745999999999999455e-03,-3.555579999999999852e-01,3.772699999999999665e-02
1.166500000000000002e-02,-6.097979999999999512e-01,-1.242570000000000063e-01
1.093799999999999981e-02,-6.272659999999999902e-01,-1.168099999999999972e-01
-8.533000000000000654e-03,-6.104140000000000121e-01,-1.235080000000000067e-01
1.249620000000000036e-01,-3.011059999999999848e-01,-1.403339999999999865e-01
1.098319999999999991e-01,-3.193440000000000167e-01,-1.521849999999999870e-01
1.089890000000000025e-01,-2.987589999999999968e-01,-1.566079999999999972e-01
1.249620000000000036e-01,-3.011059999999999848e-01,-1.403339999999999865e-01
1.089890000000000025e-01,-2.987589999999999968e-01,-1.566079999999999972e-01
1.238329999999999986e-01,-2.835170000000000190e-01,-1.422579999999999956e-01
1.238329999999999986e-01,-2.835170000000000190e-01,-1.422579999999999956e-01
1.397730000000000083e-01,-2.877790000000000070e-01,-1.223950000000000038e-01
1.249620000000000036e-01,-3.011059999999999848e-01,-1.403339999999999865e-01
1.249620000000000036e-01,-3.011059999999999848e-01,-1.403339999999999865e-01
1.397730000000000083e-01,-2.877790000000000070e-01,-1.223950000000000038e-01
1.411689999999999889e-01,-3.050459999999999838e-01,-1.198349999999999971e-01
1.073490000000000000e-01,-7.555399999999999894e-01,-8.087000000000000438e-03
1.040810000000000068e-01,-7.608460000000000223e-01,1.427100000000000070e-02
9.205000000000000682e-02,-7.538759999999999906e-01,-6.314000000000000168e-03
1.639919999999999989e-01,-5.855730000000000102e-01,3.991200000000000303e-02
1.617010000000000114e-01,-5.860619999999999719e-01,5.044799999999999979e-02
1.602609999999999868e-01,-5.718739999999999934e-01,4.664100000000000190e-02
1.602609999999999868e-01,-5.718739999999999934e-01,4.664100000000000190e-02
1.617010000000000114e-01,-5.860619999999999719e-01,5.044799999999999979e-02
1.595580000000000054e-01,-5.748090000000000144e-01,5.806700000000000056e-02
1.582679999999999920e-01,-2.817049999999999832e-01,-4.995399999999999840e-02
1.522979999999999889e-01,-2.812790000000000012e-01,-2.468000000000000055e-02
1.594190000000000051e-01,-2.972810000000000175e-01,-4.572899999999999882e-02
1.573360000000000036e-01,-2.811100000000000265e-01,-7.586299999999999988e-02
1.582679999999999920e-01,-2.817049999999999832e-01,-4.995399999999999840e-02
1.598479999999999901e-01,-2.956489999999999951e-01,-7.275099999999999623e-02
1.598479999999999901e-01,-2.956489999999999951e-01,-7.275099999999999623e-02
1.582679999999999920e-01,-2.817049999999999832e-01,-4.995399999999999840e-02
1.594190000000000051e-01,-2.972810000000000175e-01,-4.572899999999999882e-02
1.494409999999999905e-01,-2.780009999999999981e-01,-1.007160000000000000e-01
1.573360000000000036e-01,-2.811100000000000265e-01,-7.586299999999999988e-02
1.524129999999999929e-01,-2.922649999999999970e-01,-9.877800000000000469e-02
1.524129999999999929e-01,-2.922649999999999970e-01,-9.877800000000000469e-02
1.573360000000000036e-01,-2.811100000000000265e-01,-7.586299999999999988e-02
1.598479999999999901e-01,-2.956489999999999951e-01,-7.275099999999999623e-02
1.602609999999999868e-01,-5.718739999999999934e-01,4.664100000000000190e-02
1.642000000000000126e-01,-5.708680000000000421e-01,3.450299999999999895e-02
1.639919999999999989e-01,-5.855730000000000102e-01,3.991200000000000303e-02
1.639919999999999989e-01,-5.855730000000000102e-01,3.991200000000000303e-02
1.642000000000000126e-01,-5.708680000000000421e-01,3.450299999999999895e-02
1.682859999999999912e-01,-5.875700000000000367e-01,2.896800000000000069e-02
8.352999999999999314e-03,-6.846259999999999568e-01,5.214599999999999791e-02
9.070999999999999203e-03,-6.954529999999999879e-01,4.694199999999999762e-02
2.563500000000000154e-02,-6.874179999999999735e-01,5.361199999999999993e-02
6.198900000000000243e-02,-3.394030000000000102e-01,-1.889240000000000086e-01
4.395600000000000201e-02,-3.370270000000000210e-01,-1.923090000000000077e-01
6.238400000000000195e-02,-3.152019999999999822e-01,-1.917679999999999940e-01
9.370000000000000551e-02,-3.193710000000000160e-01,-1.686320000000000041e-01
7.832300000000000373e-02,-3.183810000000000251e-01,-1.829379999999999895e-01
9.352100000000000690e-02,-2.968160000000000243e-01,-1.729970000000000119e-01
2.059699999999999864e-01,-5.663150000000000128e-01,-1.727599999999999969e-02
2.217870000000000119e-01,-5.707290000000000418e-01,-1.343699999999999929e-02
2.063319999999999876e-01,-5.840720000000000356e-01,-2.259999999999999856e-02
2.063319999999999876e-01,-5.840720000000000356e-01,-2.259999999999999856e-02
2.217870000000000119e-01,-5.707290000000000418e-01,-1.343699999999999929e-02
2.224970000000000003e-01,-5.895479999999999610e-01,-1.758699999999999847e-02
1.693129999999999913e-01,-5.833380000000000232e-01,7.457199999999999940e-02
1.635679999999999912e-01,-5.784030000000000005e-01,6.798500000000000376e-02
1.655469999999999997e-01,-5.918949999999999489e-01,6.691900000000000626e-02
1.655469999999999997e-01,-5.918949999999999489e-01,6.691900000000000626e-02
1.635679999999999912e-01,-5.784030000000000005e-01,6.798500000000000376e-02
1.622230000000000061e-01,-5.885909999999999753e-01,5.966899999999999982e-02
1.734189999999999898e-01,-5.898889999999999967e-01,1.670299999999999910e-02
1.682859999999999912e-01,-5.875700000000000367e-01,2.896800000000000069e-02
1.698389999999999900e-01,-5.725670000000000481e-01,2.177000000000000116e-02
1.698389999999999900e-01,-5.725670000000000481e-01,2.177000000000000116e-02
1.682859999999999912e-01,-5.875700000000000367e-01,2.896800000000000069e-02
1.642000000000000126e-01,-5.708680000000000421e-01,3.450299999999999895e-02
2.451089999999999935e-01,-5.924829999999999819e-01,5.144200000000000161e-02
2.506189999999999807e-01,-6.071469999999999922e-01,2.845599999999999866e-02
2.490229999999999944e-01,-5.853159999999999474e-01,3.450099999999999695e-02
2.217870000000000119e-01,-5.707290000000000418e-01,-1.343699999999999929e-02
2.349719999999999864e-01,-5.758670000000000178e-01,-2.312999999999999952e-03
2.224970000000000003e-01,-5.895479999999999610e-01,-1.758699999999999847e-02
2.224970000000000003e-01,-5.895479999999999610e-01,-1.758699999999999847e-02
2.349719999999999864e-01,-5.758670000000000178e-01,-2.312999999999999952e-03
2.365869999999999918e-01,-5.962119999999999642e-01,-6.218999999999999702e-03
1.915949999999999875e-01,-5.620119999999999560e-01,-1.342499999999999943e-02
2.059699999999999864e-01,-5.663150000000000128e-01,-1.727599999999999969e-02
1.912290000000000101e-01,-5.811380000000000434e-01,-2.040000000000000147e-02
1.912290000000000101e-01,-5.811380000000000434e-01,-2.040000000000000147e-02
2.059699999999999864e-01,-5.663150000000000128e-01,-1.727599999999999969e-02
2.063319999999999876e-01,-5.840720000000000356e-01,-2.259999999999999856e-02
2.506189999999999807e-01,-6.071469999999999922e-01,2.845599999999999866e-02
2.471619999999999928e-01,-6.019330000000000513e-01,1.016500000000000042e-02
2.490229999999999944e-01,-5.853159999999999474e-01,3.450099999999999695e-02
2.490229999999999944e-01,-5.853159999999999474e-01,3.450099999999999695e-02
2.471619999999999928e-01,-6.019330000000000513e-01,1.016500000000000042e-02
2.445549999999999946e-01,-5.799680000000000391e-01,1.503799999999999928e-02
1.912290000000000101e-01,-5.811380000000000434e-01,-2.040000000000000147e-02
1.839480000000000004e-01,-5.936010000000000453e-01,-1.293000000000000052e-02
1.815160000000000107e-01,-5.796550000000000313e-01,-7.992000000000000839e-03
8.545000000000000512e-03,-2.623429999999999929e-01,3.882399999999999740e-02
3.153799999999999659e-02,-2.599139999999999784e-01,3.756000000000000311e-02
8.654999999999999499e-03,-2.474339999999999873e-01,4.579300000000000037e-02
8.654999999999999499e-03,-2.474339999999999873e-01,4.579300000000000037e-02
3.153799999999999659e-02,-2.599139999999999784e-01,3.756000000000000311e-02
3.402499999999999969e-02,-2.429179999999999950e-01,4.483100000000000279e-02
9.501400000000000123e-02,-7.525849999999999485e-01,3.447700000000000070e-02
1.040810000000000068e-01,-7.608460000000000223e-01,1.427100000000000070e-02
1.103060000000000013e-01,-7.546169999999999822e-01,3.606800000000000284e-02
1.103060000000000013e-01,-7.546169999999999822e-01,3.606800000000000284e-02
1.040810000000000068e-01,-7.608460000000000223e-01,1.427100000000000070e-02
1.201779999999999932e-01,-7.635720000000000285e-01,1.428899999999999962e-02
1.103060000000000013e-01,-7.546169999999999822e-01,3.606800000000000284e-02
9.658400000000000318e-02,-7.390320000000000222e-01,5.218500000000000222e-02
9.501400000000000123e-02,-7.525849999999999485e-01,3.447700000000000070e-02
9.501400000000000123e-02,-7.525849999999999485e-01,3.447700000000000070e-02
9.658400000000000318e-02,-7.390320000000000222e-01,5.218500000000000222e-02
8.558699999999999641e-02,-7.382450000000000401e-01,4.764299999999999785e-02
8.064899999999999847e-02,-7.197999999999999954e-01,6.085399999999999837e-02
6.380199999999999760e-02,-7.036329999999999529e-01,6.299000000000000432e-02
7.336199999999999666e-02,-7.227770000000000028e-01,5.494399999999999978e-02
7.336199999999999666e-02,-7.227770000000000028e-01,5.494399999999999978e-02
6.380199999999999760e-02,-7.036329999999999529e-01,6.299000000000000432e-02
5.945000000000000284e-02,-7.093500000000000361e-01,5.776599999999999790e-02
1.655469999999999997e-01,-5.918949999999999489e-01,6.691900000000000626e-02
1.622230000000000061e-01,-5.885909999999999753e-01,5.966899999999999982e-02
1.651380000000000070e-01,-5.985390000000000432e-01,6.061400000000000121e-02
1.651380000000000070e-01,-5.985390000000000432e-01,6.061400000000000121e-02
1.622230000000000061e-01,-5.885909999999999753e-01,5.966899999999999982e-02
1.646450000000000136e-01,-5.953580000000000538e-01,5.403899999999999676e-02
1.617010000000000114e-01,-5.860619999999999719e-01,5.044799999999999979e-02
1.646450000000000136e-01,-5.953580000000000538e-01,5.403899999999999676e-02
1.622230000000000061e-01,-5.885909999999999753e-01,5.966899999999999982e-02
1.617010000000000114e-01,-5.860619999999999719e-01,5.044799999999999979e-02
1.622230000000000061e-01,-5.885909999999999753e-01,5.966899999999999982e-02
1.595580000000000054e-01,-5.748090000000000144e-01,5.806700000000000056e-02
1.693250000000000033e-01,-5.963720000000000132e-01,7.090399999999999481e-02
1.770140000000000047e-01,-5.953479999999999883e-01,7.799699999999999689e-02
1.737150000000000083e-01,-5.894460000000000255e-01,7.703300000000000425e-02
2.471619999999999928e-01,-6.019330000000000513e-01,1.016500000000000042e-02
2.365869999999999918e-01,-5.962119999999999642e-01,-6.218999999999999702e-03
2.445549999999999946e-01,-5.799680000000000391e-01,1.503799999999999928e-02
2.445549999999999946e-01,-5.799680000000000391e-01,1.503799999999999928e-02
2.365869999999999918e-01,-5.962119999999999642e-01,-6.218999999999999702e-03
2.349719999999999864e-01,-5.758670000000000178e-01,-2.312999999999999952e-03
1.912290000000000101e-01,-5.811380000000000434e-01,-2.040000000000000147e-02
1.815160000000000107e-01,-5.796550000000000313e-01,-7.992000000000000839e-03
1.915949999999999875e-01,-5.620119999999999560e-01,-1.342499999999999943e-02
2.490229999999999944e-01,-5.853159999999999474e-01,3.450099999999999695e-02
2.459959999999999924e-01,-5.673780000000000490e-01,6.109900000000000053e-02
2.451089999999999935e-01,-5.924829999999999819e-01,5.144200000000000161e-02
9.205000000000000682e-02,-7.538759999999999906e-01,-6.314000000000000168e-03
9.032400000000000151e-02,-7.412549999999999972e-01,-2.539699999999999944e-02
1.073490000000000000e-01,-7.555399999999999894e-01,-8.087000000000000438e-03
1.073490000000000000e-01,-7.555399999999999894e-01,-8.087000000000000438e-03
9.032400000000000151e-02,-7.412549999999999972e-01,-2.539699999999999944e-02
1.051379999999999953e-01,-7.415500000000000425e-01,-2.841799999999999882e-02
1.073490000000000000e-01,-7.555399999999999894e-01,-8.087000000000000438e-03
1.201779999999999932e-01,-7.635720000000000285e-01,1.428899999999999962e-02
1.040810000000000068e-01,-7.608460000000000223e-01,1.427100000000000070e-02
4.345199999999999757e-02,-6.975230000000000041e-01,5.679000000000000020e-02
4.551399999999999890e-02,-6.884299999999999864e-01,6.112000000000000072e-02
2.563500000000000154e-02,-6.874179999999999735e-01,5.361199999999999993e-02
8.376799999999999524e-02,-7.290489999999999471e-01,-4.372899999999999704e-02
7.180300000000000571e-02,-7.145489999999999897e-01,-5.823400000000000104e-02
9.743200000000000471e-02,-7.275610000000000133e-01,-5.008699999999999958e-02
9.743200000000000471e-02,-7.275610000000000133e-01,-5.008699999999999958e-02
7.180300000000000571e-02,-7.145489999999999897e-01,-5.823400000000000104e-02
8.268499999999999461e-02,-7.110969999999999791e-01,-6.759600000000000330e-02
7.180300000000000571e-02,-7.145489999999999897e-01,-5.823400000000000104e-02
5.576699999999999713e-02,-7.006940000000000390e-01,-7.031300000000000050e-02
8.268499999999999461e-02,-7.110969999999999791e-01,-6.759600000000000330e-02
8.268499999999999461e-02,-7.110969999999999791e-01,-6.759600000000000330e-02
5.576699999999999713e-02,-7.006940000000000390e-01,-7.031300000000000050e-02
6.352299999999999613e-02,-6.932350000000000456e-01,-7.930700000000000249e-02
5.576699999999999713e-02,-7.006940000000000390e-01,-7.031300000000000050e-02
3.931799999999999878e-02,-6.898100000000000342e-01,-8.000000000000000167e-02
6.352299999999999613e-02,-6.932350000000000456e-01,-7.930700000000000249e-02
6.352299999999999613e-02,-6.932350000000000456e-01,-7.930700000000000249e-02
3.931799999999999878e-02,-6.898100000000000342e-01,-8.000000000000000167e-02
4.401100000000000151e-02,-6.811199999999999477e-01,-8.737300000000000622e-02
9.032400000000000151e-02,-7.412549999999999972e-01,-2.539699999999999944e-02
8.376799999999999524e-02,-7.290489999999999471e-01,-4.372899999999999704e-02
1.051379999999999953e-01,-7.415500000000000425e-01,-2.841799999999999882e-02
1.051379999999999953e-01,-7.415500000000000425e-01,-2.841799999999999882e-02
8.376799999999999524e-02,-7.290489999999999471e-01,-4.372899999999999704e-02
9.743200000000000471e-02,-7.275610000000000133e-01,-5.008699999999999958e-02
1.693129999999999913e-01,-5.833380000000000232e-01,7.457199999999999940e-02
1.655469999999999997e-01,-5.918949999999999489e-01,6.691900000000000626e-02
1.737150000000000083e-01,-5.894460000000000255e-01,7.703300000000000425e-02
1.737150000000000083e-01,-5.894460000000000255e-01,7.703300000000000425e-02
1.655469999999999997e-01,-5.918949999999999489e-01,6.691900000000000626e-02
1.693250000000000033e-01,-5.963720000000000132e-01,7.090399999999999481e-02
1.582679999999999920e-01,-2.817049999999999832e-01,-4.995399999999999840e-02
1.507930000000000104e-01,-2.670569999999999888e-01,-2.874300000000000119e-02
1.522979999999999889e-01,-2.812790000000000012e-01,-2.468000000000000055e-02
1.395170000000000021e-01,-2.656970000000000165e-01,-7.903999999999999568e-03
1.244090000000000057e-01,-2.638949999999999907e-01,8.196999999999999426e-03
1.402589999999999948e-01,-2.814010000000000122e-01,-3.937999999999999660e-03
1.402589999999999948e-01,-2.814010000000000122e-01,-3.937999999999999660e-03
1.244090000000000057e-01,-2.638949999999999907e-01,8.196999999999999426e-03
1.241609999999999936e-01,-2.804110000000000213e-01,1.153000000000000032e-02
1.244090000000000057e-01,-2.638949999999999907e-01,8.196999999999999426e-03
1.076629999999999948e-01,-2.617869999999999919e-01,2.059300000000000019e-02
1.241609999999999936e-01,-2.804110000000000213e-01,1.153000000000000032e-02
1.241609999999999936e-01,-2.804110000000000213e-01,1.153000000000000032e-02
1.076629999999999948e-01,-2.617869999999999919e-01,2.059300000000000019e-02
1.057609999999999939e-01,-2.787560000000000038e-01,2.265500000000000153e-02
1.507930000000000104e-01,-2.670569999999999888e-01,-2.874300000000000119e-02
1.395170000000000021e-01,-2.656970000000000165e-01,-7.903999999999999568e-03
1.522979999999999889e-01,-2.812790000000000012e-01,-2.468000000000000055e-02
1.522979999999999889e-01,-2.812790000000000012e-01,-2.468000000000000055e-02
1.395170000000000021e-01,-2.656970000000000165e-01,-7.903999999999999568e-03
1.402589999999999948e-01,-2.814010000000000122e-01,-3.937999999999999660e-03
2.371939999999999882e-01,-6.018820000000000281e-01,6.292000000000000370e-02
2.451089999999999935e-01,-5.924829999999999819e-01,5.144200000000000161e-02
2.349769999999999914e-01,-5.868529999999999580e-01,6.999500000000000166e-02
2.349769999999999914e-01,-5.868529999999999580e-01,6.999500000000000166e-02
2.451089999999999935e-01,-5.924829999999999819e-01,5.144200000000000161e-02
2.459959999999999924e-01,-5.673780000000000490e-01,6.109900000000000053e-02
9.658400000000000318e-02,-7.390320000000000222e-01,5.218500000000000222e-02
8.064899999999999847e-02,-7.197999999999999954e-01,6.085399999999999837e-02
8.558699999999999641e-02,-7.382450000000000401e-01,4.764299999999999785e-02
8.558699999999999641e-02,-7.382450000000000401e-01,4.764299999999999785e-02
8.064899999999999847e-02,-7.197999999999999954e-01,6.085399999999999837e-02
7.336199999999999666e-02,-7.227770000000000028e-01,5.494399999999999978e-02
4.551399999999999890e-02,-6.884299999999999864e-01,6.112000000000000072e-02
4.345199999999999757e-02,-6.975230000000000041e-01,5.679000000000000020e-02
6.380199999999999760e-02,-7.036329999999999529e-01,6.299000000000000432e-02
6.380199999999999760e-02,-7.036329999999999529e-01,6.299000000000000432e-02
4.345199999999999757e-02,-6.975230000000000041e-01,5.679000000000000020e-02
5.945000000000000284e-02,-7.093500000000000361e-01,5.776599999999999790e-02
1.911110000000000031e-01,-5.852920000000000345e-01,8.423799999999999344e-02
1.829330000000000123e-01,-5.897679999999999589e-01,8.199199999999999544e-02
1.891950000000000021e-01,-5.959579999999999878e-01,8.280400000000000260e-02
1.891950000000000021e-01,-5.959579999999999878e-01,8.280400000000000260e-02
1.829330000000000123e-01,-5.897679999999999589e-01,8.199199999999999544e-02
1.838690000000000047e-01,-5.957170000000000520e-01,8.131499999999999839e-02
2.051270000000000038e-01,-5.999689999999999745e-01,8.205199999999999994e-02
2.106669999999999932e-01,-5.867489999999999650e-01,8.331099999999999617e-02
1.967319999999999902e-01,-5.967719999999999692e-01,8.328800000000000092e-02
2.106669999999999932e-01,-5.867489999999999650e-01,8.331099999999999617e-02
2.051270000000000038e-01,-5.999689999999999745e-01,8.205199999999999994e-02
2.195239999999999969e-01,-5.921300000000000452e-01,7.933999999999999386e-02
2.259329999999999949e-01,-5.996110000000000051e-01,7.419000000000000594e-02
2.349769999999999914e-01,-5.868529999999999580e-01,6.999500000000000166e-02
2.195239999999999969e-01,-5.921300000000000452e-01,7.933999999999999386e-02
2.195239999999999969e-01,-5.921300000000000452e-01,7.933999999999999386e-02
2.349769999999999914e-01,-5.868529999999999580e-01,6.999500000000000166e-02
2.276299999999999990e-01,-5.770610000000000461e-01,7.814699999999999425e-02
1.770140000000000047e-01,-5.953479999999999883e-01,7.799699999999999689e-02
1.829330000000000123e-01,-5.897679999999999589e-01,8.199199999999999544e-02
1.737150000000000083e-01,-5.894460000000000255e-01,7.703300000000000425e-02
1.967319999999999902e-01,-5.967719999999999692e-01,8.328800000000000092e-02
1.921529999999999905e-01,-6.072009999999999907e-01,8.168799999999999673e-02
2.051270000000000038e-01,-5.999689999999999745e-01,8.205199999999999994e-02
1.967319999999999902e-01,-5.967719999999999692e-01,8.328800000000000092e-02
1.891950000000000021e-01,-5.959579999999999878e-01,8.280400000000000260e-02
1.921529999999999905e-01,-6.072009999999999907e-01,8.168799999999999673e-02
1.839480000000000004e-01,-5.936010000000000453e-01,-1.293000000000000052e-02
1.783830000000000138e-01,-5.930530000000000523e-01,3.069999999999999812e-03
1.815160000000000107e-01,-5.796550000000000313e-01,-7.992000000000000839e-03
1.815160000000000107e-01,-5.796550000000000313e-01,-7.992000000000000839e-03
1.783830000000000138e-01,-5.930530000000000523e-01,3.069999999999999812e-03
1.749979999999999869e-01,-5.766250000000000542e-01,7.236000000000000244e-03
1.783830000000000138e-01,-5.930530000000000523e-01,3.069999999999999812e-03
1.734189999999999898e-01,-5.898889999999999967e-01,1.670299999999999910e-02
1.749979999999999869e-01,-5.766250000000000542e-01,7.236000000000000244e-03
1.749979999999999869e-01,-5.766250000000000542e-01,7.236000000000000244e-03
1.734189999999999898e-01,-5.898889999999999967e-01,1.670299999999999910e-02
1.698389999999999900e-01,-5.725670000000000481e-01,2.177000000000000116e-02
3.931799999999999878e-02,-6.898100000000000342e-01,-8.000000000000000167e-02
2.160799999999999874e-02,-6.963249999999999718e-01,-8.102800000000000280e-02
2.327299999999999855e-02,-6.850880000000000303e-01,-8.285900000000000210e-02
2.327299999999999855e-02,-6.850880000000000303e-01,-8.285900000000000210e-02
4.401100000000000151e-02,-6.811199999999999477e-01,-8.737300000000000622e-02
3.931799999999999878e-02,-6.898100000000000342e-01,-8.000000000000000167e-02
5.302199999999999969e-02,-2.591430000000000122e-01,3.615700000000000164e-02
7.176000000000000434e-02,-2.596160000000000134e-01,3.415499999999999786e-02
5.696600000000000275e-02,-2.416339999999999877e-01,4.255899999999999961e-02
5.696600000000000275e-02,-2.416339999999999877e-01,4.255899999999999961e-02
3.402499999999999969e-02,-2.429179999999999950e-01,4.483100000000000279e-02
5.302199999999999969e-02,-2.591430000000000122e-01,3.615700000000000164e-02
5.302199999999999969e-02,-2.591430000000000122e-01,3.615700000000000164e-02
3.402499999999999969e-02,-2.429179999999999950e-01,4.483100000000000279e-02
3.153799999999999659e-02,-2.599139999999999784e-01,3.756000000000000311e-02
6.844699999999999396e-02,-2.780810000000000226e-01,3.177800000000000069e-02
8.706999999999999462e-02,-2.782009999999999761e-01,2.902700000000000072e-02
7.176000000000000434e-02,-2.596160000000000134e-01,3.415499999999999786e-02
7.176000000000000434e-02,-2.596160000000000134e-01,3.415499999999999786e-02
8.706999999999999462e-02,-2.782009999999999761e-01,2.902700000000000072e-02
9.016399999999999415e-02,-2.602700000000000014e-01,2.914599999999999830e-02
5.302199999999999969e-02,-2.591430000000000122e-01,3.615700000000000164e-02
6.844699999999999396e-02,-2.780810000000000226e-01,3.177800000000000069e-02
7.176000000000000434e-02,-2.596160000000000134e-01,3.415499999999999786e-02
6.198900000000000243e-02,-3.394030000000000102e-01,-1.889240000000000086e-01
4.448099999999999971e-02,-3.621289999999999787e-01,-1.903630000000000044e-01
4.395600000000000201e-02,-3.370270000000000210e-01,-1.923090000000000077e-01
6.238400000000000195e-02,-3.152019999999999822e-01,-1.917679999999999940e-01
7.832300000000000373e-02,-3.183810000000000251e-01,-1.829379999999999895e-01
6.198900000000000243e-02,-3.394030000000000102e-01,-1.889240000000000086e-01
6.198900000000000243e-02,-3.394030000000000102e-01,-1.889240000000000086e-01
7.832300000000000373e-02,-3.183810000000000251e-01,-1.829379999999999895e-01
7.913399999999999601e-02,-3.405770000000000186e-01,-1.798399999999999999e-01
2.160799999999999874e-02,-6.963249999999999718e-01,-8.102800000000000280e-02
8.057999999999999191e-03,-6.947860000000000147e-01,-8.107999999999999929e-02
2.327299999999999855e-02,-6.850880000000000303e-01,-8.285900000000000210e-02
2.327299999999999855e-02,-6.850880000000000303e-01,-8.285900000000000210e-02
8.057999999999999191e-03,-6.947860000000000147e-01,-8.107999999999999929e-02
8.019999999999999352e-03,-6.820869999999999989e-01,-8.153900000000000037e-02
9.352100000000000690e-02,-2.968160000000000243e-01,-1.729970000000000119e-01
1.089890000000000025e-01,-2.987589999999999968e-01,-1.566079999999999972e-01
9.370000000000000551e-02,-3.193710000000000160e-01,-1.686320000000000041e-01
9.370000000000000551e-02,-3.193710000000000160e-01,-1.686320000000000041e-01
1.089890000000000025e-01,-2.987589999999999968e-01,-1.566079999999999972e-01
1.098319999999999991e-01,-3.193440000000000167e-01,-1.521849999999999870e-01
1.524129999999999929e-01,-2.922649999999999970e-01,-9.877800000000000469e-02
1.411689999999999889e-01,-3.050459999999999838e-01,-1.198349999999999971e-01
1.397730000000000083e-01,-2.877790000000000070e-01,-1.223950000000000038e-01
1.524129999999999929e-01,-2.922649999999999970e-01,-9.877800000000000469e-02
1.397730000000000083e-01,-2.877790000000000070e-01,-1.223950000000000038e-01
1.494409999999999905e-01,-2.780009999999999981e-01,-1.007160000000000000e-01
1.891950000000000021e-01,-5.959579999999999878e-01,8.280400000000000260e-02
1.967319999999999902e-01,-5.967719999999999692e-01,8.328800000000000092e-02
1.911110000000000031e-01,-5.852920000000000345e-01,8.423799999999999344e-02
2.276299999999999990e-01,-5.770610000000000461e-01,7.814699999999999425e-02
2.106669999999999932e-01,-5.867489999999999650e-01,8.331099999999999617e-02
2.195239999999999969e-01,-5.921300000000000452e-01,7.933999999999999386e-02
2.349769999999999914e-01,-5.868529999999999580e-01,6.999500000000000166e-02
2.259329999999999949e-01,-5.996110000000000051e-01,7.419000000000000594e-02
2.371939999999999882e-01,-6.018820000000000281e-01,6.292000000000000370e-02
1.770140000000000047e-01,-5.953479999999999883e-01,7.799699999999999689e-02
1.838690000000000047e-01,-5.957170000000000520e-01,8.131499999999999839e-02
1.829330000000000123e-01,-5.897679999999999589e-01,8.199199999999999544e-02
1.076629999999999948e-01,-2.617869999999999919e-01,2.059300000000000019e-02
9.016399999999999415e-02,-2.602700000000000014e-01,2.914599999999999830e-02
1.057609999999999939e-01,-2.787560000000000038e-01,2.265500000000000153e-02
1.057609999999999939e-01,-2.787560000000000038e-01,2.265500000000000153e-02
9.016399999999999415e-02,-2.602700000000000014e-01,2.914599999999999830e-02
8.706999999999999462e-02,-2.782009999999999761e-01,2.902700000000000072e-02
9.370000000000000551e-02,-3.193710000000000160e-01,-1.686320000000000041e-01
7.913399999999999601e-02,-3.405770000000000186e-01,-1.798399999999999999e-01
7.832300000000000373e-02,-3.183810000000000251e-01,-1.829379999999999895e-01
4.395600000000000201e-02,-3.370270000000000210e-01,-1.923090000000000077e-01
4.448099999999999971e-02,-3.621289999999999787e-01,-1.903630000000000044e-01
2.582299999999999873e-02,-3.367890000000000050e-01,-1.917280000000000095e-01
2.566099999999999978e-02,-3.150519999999999987e-01,-1.906009999999999927e-01
4.395600000000000201e-02,-3.370270000000000210e-01,-1.923090000000000077e-01
2.582299999999999873e-02,-3.367890000000000050e-01,-1.917280000000000095e-01
-6.663700000000000179e-02,-2.946819999999999995e-01,-1.492300000000000015e-01
-6.749299999999999744e-02,-3.165959999999999885e-01,-1.469320000000000070e-01
-8.574500000000000177e-02,-2.995999999999999774e-01,-1.321940000000000059e-01
-8.519200000000000383e-02,-2.799180000000000001e-01,-1.326519999999999921e-01
-6.663700000000000179e-02,-2.946819999999999995e-01,-1.492300000000000015e-01
-8.574500000000000177e-02,-2.995999999999999774e-01,-1.321940000000000059e-01
-1.041200000000000042e-01,-3.056710000000000260e-01,-1.143389999999999962e-01
-1.035670000000000063e-01,-2.871619999999999728e-01,-1.154150000000000037e-01
-8.574500000000000177e-02,-2.995999999999999774e-01,-1.321940000000000059e-01
-8.574500000000000177e-02,-2.995999999999999774e-01,-1.321940000000000059e-01
-1.035670000000000063e-01,-2.871619999999999728e-01,-1.154150000000000037e-01
-8.519200000000000383e-02,-2.799180000000000001e-01,-1.326519999999999921e-01
-8.205199999999999994e-02,-7.585939999999999905e-01,6.897000000000000353e-03
-9.232100000000000029e-02,-7.652409999999999490e-01,3.182999999999999718e-02
-9.623500000000000110e-02,-7.604670000000000041e-01,1.031999999999999931e-02
-1.644970000000000043e-01,-5.756890000000000063e-01,1.933999999999999955e-03
-1.626150000000000095e-01,-5.631089999999999707e-01,-8.099999999999999561e-04
-1.651150000000000118e-01,-5.704850000000000199e-01,1.298400000000000075e-02
-1.651150000000000118e-01,-5.704850000000000199e-01,1.298400000000000075e-02
-1.626150000000000095e-01,-5.631089999999999707e-01,-8.099999999999999561e-04
-1.658169999999999922e-01,-5.595560000000000533e-01,9.546000000000000665e-03
-1.317859999999999865e-01,-3.042980000000000129e-01,-4.720699999999999896e-02
-1.279349999999999932e-01,-2.905809999999999782e-01,-2.666400000000000020e-02
-1.307429999999999981e-01,-2.877770000000000050e-01,-5.020600000000000063e-02
-1.317859999999999865e-01,-3.042980000000000129e-01,-4.720699999999999896e-02
-1.307429999999999981e-01,-2.877770000000000050e-01,-5.020600000000000063e-02
-1.281090000000000007e-01,-2.998750000000000027e-01,-7.229599999999999915e-02
-1.281090000000000007e-01,-2.998750000000000027e-01,-7.229599999999999915e-02
-1.307429999999999981e-01,-2.877770000000000050e-01,-5.020600000000000063e-02
-1.259889999999999899e-01,-2.833149999999999835e-01,-7.380699999999999761e-02
-1.281090000000000007e-01,-2.998750000000000027e-01,-7.229599999999999915e-02
-1.259889999999999899e-01,-2.833149999999999835e-01,-7.380699999999999761e-02
-1.182659999999999961e-01,-2.937969999999999748e-01,-9.550000000000000155e-02
-1.182659999999999961e-01,-2.937969999999999748e-01,-9.550000000000000155e-02
-1.259889999999999899e-01,-2.833149999999999835e-01,-7.380699999999999761e-02
-1.158509999999999956e-01,-2.772299999999999764e-01,-9.601400000000000212e-02
-1.626150000000000095e-01,-5.631089999999999707e-01,-8.099999999999999561e-04
-1.644970000000000043e-01,-5.756890000000000063e-01,1.933999999999999955e-03
-1.631559999999999955e-01,-5.693409999999999860e-01,-1.238999999999999997e-02
-1.631559999999999955e-01,-5.693409999999999860e-01,-1.238999999999999997e-02
-1.644970000000000043e-01,-5.756890000000000063e-01,1.933999999999999955e-03
-1.662230000000000096e-01,-5.852230000000000487e-01,-1.001600000000000060e-02
-8.479000000000000425e-03,-6.921420000000000350e-01,5.597799999999999998e-02
-2.507699999999999860e-02,-7.046820000000000306e-01,6.183799999999999714e-02
-7.256000000000000297e-03,-7.030760000000000343e-01,5.004200000000000315e-02
-7.256000000000000297e-03,-7.030760000000000343e-01,5.004200000000000315e-02
9.070999999999999203e-03,-6.954529999999999879e-01,4.694199999999999762e-02
-8.479000000000000425e-03,-6.921420000000000350e-01,5.597799999999999998e-02
-8.479000000000000425e-03,-6.921420000000000350e-01,5.597799999999999998e-02
9.070999999999999203e-03,-6.954529999999999879e-01,4.694199999999999762e-02
8.352999999999999314e-03,-6.846259999999999568e-01,5.214599999999999791e-02
-1.264000000000000019e-02,-3.112630000000000119e-01,-1.890739999999999921e-01
7.828999999999999154e-03,-3.353729999999999767e-01,-1.913330000000000031e-01
-1.189499999999999932e-02,-3.355810000000000182e-01,-1.862640000000000129e-01
-4.819999999999999979e-02,-2.912080000000000224e-01,-1.655409999999999937e-01
-3.061099999999999932e-02,-3.132190000000000252e-01,-1.784469999999999945e-01
-4.861599999999999949e-02,-3.145370000000000110e-01,-1.631160000000000110e-01
-2.046810000000000018e-01,-6.206209999999999782e-01,-6.271500000000000685e-02
-2.048109999999999931e-01,-6.020510000000000028e-01,-6.958100000000000396e-02
-1.882189999999999974e-01,-6.152320000000000011e-01,-6.720500000000000085e-02
-1.882189999999999974e-01,-6.152320000000000011e-01,-6.720500000000000085e-02
-2.048109999999999931e-01,-6.020510000000000028e-01,-6.958100000000000396e-02
-1.888489999999999891e-01,-5.982300000000000395e-01,-7.226599999999999691e-02
-1.809880000000000100e-01,-5.608419999999999517e-01,2.459700000000000081e-02
-1.747100000000000042e-01,-5.694439999999999502e-01,2.808300000000000032e-02
-1.731219999999999981e-01,-5.588109999999999467e-01,1.798399999999999999e-02
-1.731219999999999981e-01,-5.588109999999999467e-01,1.798399999999999999e-02
-1.747100000000000042e-01,-5.694439999999999502e-01,2.808300000000000032e-02
-1.690079999999999916e-01,-5.688910000000000355e-01,2.164900000000000158e-02
-1.631559999999999955e-01,-5.693409999999999860e-01,-1.238999999999999997e-02
-1.662230000000000096e-01,-5.852230000000000487e-01,-1.001600000000000060e-02
-1.650919999999999888e-01,-5.784439999999999582e-01,-2.443299999999999986e-02
-1.650919999999999888e-01,-5.784439999999999582e-01,-2.443299999999999986e-02
-1.662230000000000096e-01,-5.852230000000000487e-01,-1.001600000000000060e-02
-1.676370000000000082e-01,-5.951349999999999696e-01,-2.181699999999999959e-02
-2.435279999999999945e-01,-6.178160000000000318e-01,-1.974199999999999913e-02
-2.463770000000000127e-01,-5.916029999999999900e-01,-8.609000000000000333e-03
-2.429080000000000128e-01,-5.946510000000000407e-01,-2.744100000000000011e-02
-2.201510000000000133e-01,-6.236570000000000169e-01,-5.243799999999999850e-02
-2.199649999999999939e-01,-6.029930000000000012e-01,-5.966500000000000276e-02
-2.046810000000000018e-01,-6.206209999999999782e-01,-6.271500000000000685e-02
-2.046810000000000018e-01,-6.206209999999999782e-01,-6.271500000000000685e-02
-2.199649999999999939e-01,-6.029930000000000012e-01,-5.966500000000000276e-02
-2.048109999999999931e-01,-6.020510000000000028e-01,-6.958100000000000396e-02
-1.882189999999999974e-01,-6.152320000000000011e-01,-6.720500000000000085e-02
-1.888489999999999891e-01,-5.982300000000000395e-01,-7.226599999999999691e-02
-1.744259999999999977e-01,-6.100449999999999484e-01,-6.329799999999999316e-02
-1.744259999999999977e-01,-6.100449999999999484e-01,-6.329799999999999316e-02
-1.888489999999999891e-01,-5.982300000000000395e-01,-7.226599999999999691e-02
-1.764290000000000025e-01,-5.917869999999999520e-01,-6.724800000000000222e-02
-2.435279999999999945e-01,-6.178160000000000318e-01,-1.974199999999999913e-02
-2.429080000000000128e-01,-5.946510000000000407e-01,-2.744100000000000011e-02
-2.341340000000000088e-01,-6.224250000000000060e-01,-3.815299999999999941e-02
-2.341340000000000088e-01,-6.224250000000000060e-01,-3.815299999999999941e-02
-2.429080000000000128e-01,-5.946510000000000407e-01,-2.744100000000000011e-02
-2.330069999999999919e-01,-5.994709999999999761e-01,-4.549000000000000266e-02
-1.690089999999999926e-01,-6.022429999999999728e-01,-5.019699999999999857e-02
-1.686799999999999966e-01,-6.133739999999999748e-01,-4.783099999999999852e-02
-1.744259999999999977e-01,-6.100449999999999484e-01,-6.329799999999999316e-02
-1.620399999999999965e-02,-2.478219999999999867e-01,4.668800000000000033e-02
-1.405499999999999979e-02,-2.634170000000000122e-01,3.932000000000000078e-02
8.654999999999999499e-03,-2.474339999999999873e-01,4.579300000000000037e-02
8.654999999999999499e-03,-2.474339999999999873e-01,4.579300000000000037e-02
-1.405499999999999979e-02,-2.634170000000000122e-01,3.932000000000000078e-02
8.545000000000000512e-03,-2.623429999999999929e-01,3.882399999999999740e-02
-7.938000000000000611e-02,-7.572189999999999754e-01,4.939700000000000341e-02
-9.441599999999999993e-02,-7.575640000000000152e-01,5.523299999999999738e-02
-9.232100000000000029e-02,-7.652409999999999490e-01,3.182999999999999718e-02
-9.232100000000000029e-02,-7.652409999999999490e-01,3.182999999999999718e-02
-9.441599999999999993e-02,-7.575640000000000152e-01,5.523299999999999738e-02
-1.089849999999999985e-01,-7.659989999999999855e-01,3.577500000000000124e-02
-6.664200000000000679e-02,-7.458439999999999515e-01,6.119999999999999746e-02
-7.723800000000000110e-02,-7.453450000000000353e-01,6.857800000000000007e-02
-7.938000000000000611e-02,-7.572189999999999754e-01,4.939700000000000341e-02
-7.938000000000000611e-02,-7.572189999999999754e-01,4.939700000000000341e-02
-7.723800000000000110e-02,-7.453450000000000353e-01,6.857800000000000007e-02
-9.441599999999999993e-02,-7.575640000000000152e-01,5.523299999999999738e-02
-4.018599999999999950e-02,-7.167369999999999575e-01,6.630700000000000482e-02
-4.413899999999999768e-02,-7.103040000000000465e-01,7.359999999999999876e-02
-5.354400000000000132e-02,-7.309759999999999591e-01,6.665699999999999403e-02
-5.354400000000000132e-02,-7.309759999999999591e-01,6.665699999999999403e-02
-4.413899999999999768e-02,-7.103040000000000465e-01,7.359999999999999876e-02
-6.021900000000000169e-02,-7.282060000000000199e-01,7.457800000000000540e-02
-1.686680000000000124e-01,-5.767710000000000337e-01,2.328300000000000161e-02
-1.690079999999999916e-01,-5.688910000000000355e-01,2.164900000000000158e-02
-1.720859999999999890e-01,-5.772509999999999586e-01,2.972800000000000095e-02
-1.720859999999999890e-01,-5.772509999999999586e-01,2.972800000000000095e-02
-1.690079999999999916e-01,-5.688910000000000355e-01,2.164900000000000158e-02
-1.747100000000000042e-01,-5.694439999999999502e-01,2.808300000000000032e-02
-1.686680000000000124e-01,-5.767710000000000337e-01,2.328300000000000161e-02
-1.651150000000000118e-01,-5.704850000000000199e-01,1.298400000000000075e-02
-1.690079999999999916e-01,-5.688910000000000355e-01,2.164900000000000158e-02
-1.651150000000000118e-01,-5.704850000000000199e-01,1.298400000000000075e-02
-1.658169999999999922e-01,-5.595560000000000533e-01,9.546000000000000665e-03
-1.690079999999999916e-01,-5.688910000000000355e-01,2.164900000000000158e-02
-1.863489999999999869e-01,-5.647170000000000245e-01,2.944300000000000042e-02
-1.901440000000000075e-01,-5.689939999999999998e-01,3.303799999999999792e-02
-1.799449999999999938e-01,-5.717480000000000340e-01,3.277000000000000052e-02
-2.341340000000000088e-01,-6.224250000000000060e-01,-3.815299999999999941e-02
-2.330069999999999919e-01,-5.994709999999999761e-01,-4.549000000000000266e-02
-2.201510000000000133e-01,-6.236570000000000169e-01,-5.243799999999999850e-02
-2.201510000000000133e-01,-6.236570000000000169e-01,-5.243799999999999850e-02
-2.330069999999999919e-01,-5.994709999999999761e-01,-4.549000000000000266e-02
-2.199649999999999939e-01,-6.029930000000000012e-01,-5.966500000000000276e-02
-1.764290000000000025e-01,-5.917869999999999520e-01,-6.724800000000000222e-02
-1.690089999999999926e-01,-6.022429999999999728e-01,-5.019699999999999857e-02
-1.744259999999999977e-01,-6.100449999999999484e-01,-6.329799999999999316e-02
-2.496160000000000045e-01,-5.644280000000000408e-01,-1.497300000000000020e-02
-2.429080000000000128e-01,-5.946510000000000407e-01,-2.744100000000000011e-02
-2.463770000000000127e-01,-5.916029999999999900e-01,-8.609000000000000333e-03
-9.477399999999999713e-02,-7.452630000000000088e-01,-1.040800000000000058e-02
-8.013699999999999990e-02,-7.446500000000000341e-01,-1.260299999999999962e-02
-9.623500000000000110e-02,-7.604670000000000041e-01,1.031999999999999931e-02
-9.623500000000000110e-02,-7.604670000000000041e-01,1.031999999999999931e-02
-8.013699999999999990e-02,-7.446500000000000341e-01,-1.260299999999999962e-02
-8.205199999999999994e-02,-7.585939999999999905e-01,6.897000000000000353e-03
-9.232100000000000029e-02,-7.652409999999999490e-01,3.182999999999999718e-02
-1.089849999999999985e-01,-7.659989999999999855e-01,3.577500000000000124e-02
-9.623500000000000110e-02,-7.604670000000000041e-01,1.031999999999999931e-02
-8.479000000000000425e-03,-6.921420000000000350e-01,5.597799999999999998e-02
-2.764499999999999943e-02,-6.951829999999999954e-01,6.810299999999999687e-02
-2.507699999999999860e-02,-7.046820000000000306e-01,6.183799999999999714e-02
-7.518500000000000183e-02,-7.308400000000000452e-01,-3.161900000000000127e-02
-8.988300000000000456e-02,-7.295730000000000270e-01,-3.484399999999999997e-02
-6.299599999999999644e-02,-7.141300000000000425e-01,-5.006200000000000233e-02
-6.299599999999999644e-02,-7.141300000000000425e-01,-5.006200000000000233e-02
-8.988300000000000456e-02,-7.295730000000000270e-01,-3.484399999999999997e-02
-7.497900000000000398e-02,-7.104219999999999979e-01,-5.822700000000000098e-02
-5.223499999999999671e-02,-6.905710000000000459e-01,-7.603100000000000136e-02
-4.518699999999999800e-02,-6.991169999999999884e-01,-6.734600000000000308e-02
-7.497900000000000398e-02,-7.104219999999999979e-01,-5.822700000000000098e-02
-7.497900000000000398e-02,-7.104219999999999979e-01,-5.822700000000000098e-02
-4.518699999999999800e-02,-6.991169999999999884e-01,-6.734600000000000308e-02
-6.299599999999999644e-02,-7.141300000000000425e-01,-5.006200000000000233e-02
-2.805399999999999908e-02,-6.778960000000000541e-01,-8.795799999999999452e-02
-2.454999999999999891e-02,-6.879309999999999592e-01,-8.081000000000000683e-02
-5.223499999999999671e-02,-6.905710000000000459e-01,-7.603100000000000136e-02
-5.223499999999999671e-02,-6.905710000000000459e-01,-7.603100000000000136e-02
-2.454999999999999891e-02,-6.879309999999999592e-01,-8.081000000000000683e-02
-4.518699999999999800e-02,-6.991169999999999884e-01,-6.734600000000000308e-02
-8.988300000000000456e-02,-7.295730000000000270e-01,-3.484399999999999997e-02
-7.518500000000000183e-02,-7.308400000000000452e-01,-3.161900000000000127e-02
-9.477399999999999713e-02,-7.452630000000000088e-01,-1.040800000000000058e-02
-9.477399999999999713e-02,-7.452630000000000088e-01,-1.040800000000000058e-02
-7.518500000000000183e-02,-7.308400000000000452e-01,-3.161900000000000127e-02
-8.013699999999999990e-02,-7.446500000000000341e-01,-1.260299999999999962e-02
-1.799449999999999938e-01,-5.717480000000000340e-01,3.277000000000000052e-02
-1.747100000000000042e-01,-5.694439999999999502e-01,2.808300000000000032e-02
-1.863489999999999869e-01,-5.647170000000000245e-01,2.944300000000000042e-02
-1.863489999999999869e-01,-5.647170000000000245e-01,2.944300000000000042e-02
-1.747100000000000042e-01,-5.694439999999999502e-01,2.808300000000000032e-02
-1.809880000000000100e-01,-5.608419999999999517e-01,2.459700000000000081e-02
-1.279349999999999932e-01,-2.905809999999999782e-01,-2.666400000000000020e-02
-1.265940000000000121e-01,-2.743809999999999860e-01,-2.976699999999999832e-02
-1.307429999999999981e-01,-2.877770000000000050e-01,-5.020600000000000063e-02
-1.040149999999999963e-01,-2.914640000000000009e-01,1.040600000000000032e-02
-1.040050000000000002e-01,-2.750239999999999907e-01,8.130999999999999339e-03
-1.180869999999999975e-01,-2.912250000000000116e-01,-5.664999999999999897e-03
-1.180869999999999975e-01,-2.912250000000000116e-01,-5.664999999999999897e-03
-1.040050000000000002e-01,-2.750239999999999907e-01,8.130999999999999339e-03
-1.173749999999999932e-01,-2.753050000000000219e-01,-8.625000000000000722e-03
-8.667400000000000104e-02,-2.899240000000000150e-01,2.210200000000000012e-02
-8.774800000000000655e-02,-2.729099999999999859e-01,2.036500000000000116e-02
-1.040149999999999963e-01,-2.914640000000000009e-01,1.040600000000000032e-02
-1.040149999999999963e-01,-2.914640000000000009e-01,1.040600000000000032e-02
-8.774800000000000655e-02,-2.729099999999999859e-01,2.036500000000000116e-02
-1.040050000000000002e-01,-2.750239999999999907e-01,8.130999999999999339e-03
-1.180869999999999975e-01,-2.912250000000000116e-01,-5.664999999999999897e-03
-1.173749999999999932e-01,-2.753050000000000219e-01,-8.625000000000000722e-03
-1.279349999999999932e-01,-2.905809999999999782e-01,-2.666400000000000020e-02
-1.279349999999999932e-01,-2.905809999999999782e-01,-2.666400000000000020e-02
-1.173749999999999932e-01,-2.753050000000000219e-01,-8.625000000000000722e-03
-1.265940000000000121e-01,-2.743809999999999860e-01,-2.976699999999999832e-02
-2.430620000000000003e-01,-5.934719999999999995e-01,7.634000000000000161e-03
-2.427100000000000091e-01,-5.756980000000000430e-01,5.413000000000000277e-03
-2.463770000000000127e-01,-5.916029999999999900e-01,-8.609000000000000333e-03
-2.463770000000000127e-01,-5.916029999999999900e-01,-8.609000000000000333e-03
-2.427100000000000091e-01,-5.756980000000000430e-01,5.413000000000000277e-03
-2.496160000000000045e-01,-5.644280000000000408e-01,-1.497300000000000020e-02
-7.723800000000000110e-02,-7.453450000000000353e-01,6.857800000000000007e-02
-6.664200000000000679e-02,-7.458439999999999515e-01,6.119999999999999746e-02
-6.021900000000000169e-02,-7.282060000000000199e-01,7.457800000000000540e-02
-6.021900000000000169e-02,-7.282060000000000199e-01,7.457800000000000540e-02
-6.664200000000000679e-02,-7.458439999999999515e-01,6.119999999999999746e-02
-5.354400000000000132e-02,-7.309759999999999591e-01,6.665699999999999403e-02
-4.018599999999999950e-02,-7.167369999999999575e-01,6.630700000000000482e-02
-2.507699999999999860e-02,-7.046820000000000306e-01,6.183799999999999714e-02
-4.413899999999999768e-02,-7.103040000000000465e-01,7.359999999999999876e-02
-4.413899999999999768e-02,-7.103040000000000465e-01,7.359999999999999876e-02
-2.507699999999999860e-02,-7.046820000000000306e-01,6.183799999999999714e-02
-2.764499999999999943e-02,-6.951829999999999954e-01,6.810299999999999687e-02
-1.979519999999999891e-01,-5.686299999999999688e-01,3.260099999999999804e-02
-1.970159999999999967e-01,-5.635289999999999466e-01,2.975600000000000120e-02
-2.034650000000000070e-01,-5.687320000000000153e-01,3.211800000000000072e-02
-2.034650000000000070e-01,-5.687320000000000153e-01,3.211800000000000072e-02
-1.970159999999999967e-01,-5.635289999999999466e-01,2.975600000000000120e-02
-2.052769999999999873e-01,-5.597689999999999610e-01,2.730799999999999894e-02
-2.188859999999999972e-01,-5.752720000000000056e-01,3.010200000000000028e-02
-2.112779999999999936e-01,-5.701859999999999706e-01,3.091400000000000051e-02
-2.241690000000000071e-01,-5.641960000000000308e-01,2.214700000000000002e-02
-2.313290000000000068e-01,-5.727200000000000069e-01,1.989499999999999949e-02
-2.188859999999999972e-01,-5.752720000000000056e-01,3.010200000000000028e-02
-2.241690000000000071e-01,-5.641960000000000308e-01,2.214700000000000002e-02
-2.380269999999999886e-01,-5.615510000000000224e-01,8.172999999999999710e-03
-2.427100000000000091e-01,-5.756980000000000430e-01,5.413000000000000277e-03
-2.313290000000000068e-01,-5.727200000000000069e-01,1.989499999999999949e-02
-2.313290000000000068e-01,-5.727200000000000069e-01,1.989499999999999949e-02
-2.427100000000000091e-01,-5.756980000000000430e-01,5.413000000000000277e-03
-2.359729999999999883e-01,-5.836249999999999494e-01,1.827499999999999958e-02
-1.863489999999999869e-01,-5.647170000000000245e-01,2.944300000000000042e-02
-1.970159999999999967e-01,-5.635289999999999466e-01,2.975600000000000120e-02
-1.901440000000000075e-01,-5.689939999999999998e-01,3.303799999999999792e-02
-2.188859999999999972e-01,-5.752720000000000056e-01,3.010200000000000028e-02
-2.066790000000000016e-01,-5.794439999999999591e-01,3.750300000000000161e-02
-2.112779999999999936e-01,-5.701859999999999706e-01,3.091400000000000051e-02
-2.112779999999999936e-01,-5.701859999999999706e-01,3.091400000000000051e-02
-2.066790000000000016e-01,-5.794439999999999591e-01,3.750300000000000161e-02
-2.034650000000000070e-01,-5.687320000000000153e-01,3.211800000000000072e-02
-1.669920000000000015e-01,-5.904770000000000296e-01,-3.653800000000000103e-02
-1.683699999999999919e-01,-6.065519999999999801e-01,-3.382600000000000190e-02
-1.690089999999999926e-01,-6.022429999999999728e-01,-5.019699999999999857e-02
-1.690089999999999926e-01,-6.022429999999999728e-01,-5.019699999999999857e-02
-1.683699999999999919e-01,-6.065519999999999801e-01,-3.382600000000000190e-02
-1.686799999999999966e-01,-6.133739999999999748e-01,-4.783099999999999852e-02
-1.683699999999999919e-01,-6.065519999999999801e-01,-3.382600000000000190e-02
-1.669920000000000015e-01,-5.904770000000000296e-01,-3.653800000000000103e-02
-1.676370000000000082e-01,-5.951349999999999696e-01,-2.181699999999999959e-02
-1.676370000000000082e-01,-5.951349999999999696e-01,-2.181699999999999959e-02
-1.669920000000000015e-01,-5.904770000000000296e-01,-3.653800000000000103e-02
-1.650919999999999888e-01,-5.784439999999999582e-01,-2.443299999999999986e-02
-7.281000000000000145e-03,-6.842669999999999586e-01,-8.357299999999999451e-02
-5.812000000000000326e-03,-6.961530000000000218e-01,-8.170199999999999685e-02
-2.454999999999999891e-02,-6.879309999999999592e-01,-8.081000000000000683e-02
-2.805399999999999908e-02,-6.778960000000000541e-01,-8.795799999999999452e-02
-7.281000000000000145e-03,-6.842669999999999586e-01,-8.357299999999999451e-02
-2.454999999999999891e-02,-6.879309999999999592e-01,-8.081000000000000683e-02
-3.866599999999999898e-02,-2.507159999999999944e-01,4.420799999999999730e-02
-5.320400000000000129e-02,-2.685649999999999982e-01,3.332199999999999745e-02
-3.528200000000000086e-02,-2.659460000000000157e-01,3.657099999999999934e-02
-1.405499999999999979e-02,-2.634170000000000122e-01,3.932000000000000078e-02
-1.620399999999999965e-02,-2.478219999999999867e-01,4.668800000000000033e-02
-3.528200000000000086e-02,-2.659460000000000157e-01,3.657099999999999934e-02
-3.528200000000000086e-02,-2.659460000000000157e-01,3.657099999999999934e-02
-1.620399999999999965e-02,-2.478219999999999867e-01,4.668800000000000033e-02
-3.866599999999999898e-02,-2.507159999999999944e-01,4.420799999999999730e-02
-7.034200000000000175e-02,-2.705380000000000007e-01,2.867400000000000157e-02
-6.835299999999999709e-02,-2.879559999999999897e-01,2.930200000000000166e-02
-5.320400000000000129e-02,-2.685649999999999982e-01,3.332199999999999745e-02
-5.320400000000000129e-02,-2.685649999999999982e-01,3.332199999999999745e-02
-6.835299999999999709e-02,-2.879559999999999897e-01,2.930200000000000166e-02
-5.044200000000000073e-02,-2.859410000000000007e-01,3.209599999999999953e-02
-5.320400000000000129e-02,-2.685649999999999982e-01,3.332199999999999745e-02
-5.044200000000000073e-02,-2.859410000000000007e-01,3.209599999999999953e-02
-3.528200000000000086e-02,-2.659460000000000157e-01,3.657099999999999934e-02
7.828999999999999154e-03,-3.353729999999999767e-01,-1.913330000000000031e-01
7.112000000000000266e-03,-3.598819999999999797e-01,-1.886929999999999996e-01
-1.189499999999999932e-02,-3.355810000000000182e-01,-1.862640000000000129e-01
-3.126899999999999819e-02,-3.360199999999999854e-01,-1.752879999999999994e-01
-3.061099999999999932e-02,-3.132190000000000252e-01,-1.784469999999999945e-01
-1.189499999999999932e-02,-3.355810000000000182e-01,-1.862640000000000129e-01
-1.189499999999999932e-02,-3.355810000000000182e-01,-1.862640000000000129e-01
-3.061099999999999932e-02,-3.132190000000000252e-01,-1.784469999999999945e-01
-1.264000000000000019e-02,-3.112630000000000119e-01,-1.890739999999999921e-01
8.019999999999999352e-03,-6.820869999999999989e-01,-8.153900000000000037e-02
8.057999999999999191e-03,-6.947860000000000147e-01,-8.107999999999999929e-02
-7.281000000000000145e-03,-6.842669999999999586e-01,-8.357299999999999451e-02
-7.281000000000000145e-03,-6.842669999999999586e-01,-8.357299999999999451e-02
8.057999999999999191e-03,-6.947860000000000147e-01,-8.107999999999999929e-02
-5.812000000000000326e-03,-6.961530000000000218e-01,-8.170199999999999685e-02
-6.749299999999999744e-02,-3.165959999999999885e-01,-1.469320000000000070e-01
-6.663700000000000179e-02,-2.946819999999999995e-01,-1.492300000000000015e-01
-4.861599999999999949e-02,-3.145370000000000110e-01,-1.631160000000000110e-01
-4.861599999999999949e-02,-3.145370000000000110e-01,-1.631160000000000110e-01
-6.663700000000000179e-02,-2.946819999999999995e-01,-1.492300000000000015e-01
-4.819999999999999979e-02,-2.912080000000000224e-01,-1.655409999999999937e-01
-1.035670000000000063e-01,-2.871619999999999728e-01,-1.154150000000000037e-01
-1.041200000000000042e-01,-3.056710000000000260e-01,-1.143389999999999962e-01
-1.182659999999999961e-01,-2.937969999999999748e-01,-9.550000000000000155e-02
-1.158509999999999956e-01,-2.772299999999999764e-01,-9.601400000000000212e-02
-1.035670000000000063e-01,-2.871619999999999728e-01,-1.154150000000000037e-01
-1.182659999999999961e-01,-2.937969999999999748e-01,-9.550000000000000155e-02
-2.052769999999999873e-01,-5.597689999999999610e-01,2.730799999999999894e-02
-2.112779999999999936e-01,-5.701859999999999706e-01,3.091400000000000051e-02
-2.034650000000000070e-01,-5.687320000000000153e-01,3.211800000000000072e-02
-2.313290000000000068e-01,-5.727200000000000069e-01,1.989499999999999949e-02
-2.241690000000000071e-01,-5.641960000000000308e-01,2.214700000000000002e-02
-2.380269999999999886e-01,-5.615510000000000224e-01,8.172999999999999710e-03
-2.430620000000000003e-01,-5.934719999999999995e-01,7.634000000000000161e-03
-2.359729999999999883e-01,-5.836249999999999494e-01,1.827499999999999958e-02
-2.427100000000000091e-01,-5.756980000000000430e-01,5.413000000000000277e-03
-1.970159999999999967e-01,-5.635289999999999466e-01,2.975600000000000120e-02
-1.979519999999999891e-01,-5.686299999999999688e-01,3.260099999999999804e-02
-1.901440000000000075e-01,-5.689939999999999998e-01,3.303799999999999792e-02
-6.835299999999999709e-02,-2.879559999999999897e-01,2.930200000000000166e-02
-7.034200000000000175e-02,-2.705380000000000007e-01,2.867400000000000157e-02
-8.667400000000000104e-02,-2.899240000000000150e-01,2.210200000000000012e-02
-8.667400000000000104e-02,-2.899240000000000150e-01,2.210200000000000012e-02
-7.034200000000000175e-02,-2.705380000000000007e-01,2.867400000000000157e-02
-8.774800000000000655e-02,-2.729099999999999859e-01,2.036500000000000116e-02
-3.061099999999999932e-02,-3.132190000000000252e-01,-1.784469999999999945e-01
-3.126899999999999819e-02,-3.360199999999999854e-01,-1.752879999999999994e-01
-4.861599999999999949e-02,-3.145370000000000110e-01,-1.631160000000000110e-01
2.582299999999999873e-02,-3.367890000000000050e-01,-1.917280000000000095e-01
7.112000000000000266e-03,-3.598819999999999797e-01,-1.886929999999999996e-01
7.828999999999999154e-03,-3.353729999999999767e-01,-1.913330000000000031e-01
2.582299999999999873e-02,-3.367890000000000050e-01,-1.917280000000000095e-01
7.828999999999999154e-03,-3.353729999999999767e-01,-1.913330000000000031e-01
2.566099999999999978e-02,-3.150519999999999987e-01,-1.906009999999999927e-01
2.916799999999999948e-02,-7.434030000000000360e-01,-8.464199999999999502e-02
2.910599999999999993e-02,-7.324260000000000215e-01,-8.224299999999999666e-02
3.810299999999999798e-02,-7.463459999999999539e-01,-7.559899999999999953e-02
3.810299999999999798e-02,-7.463459999999999539e-01,-7.559899999999999953e-02
2.910599999999999993e-02,-7.324260000000000215e-01,-8.224299999999999666e-02
3.990400000000000197e-02,-7.353889999999999594e-01,-7.418199999999999794e-02
4.805899999999999755e-02,-7.574130000000000029e-01,-1.288000000000000082e-03
4.697300000000000086e-02,-7.632189999999999808e-01,-5.248000000000000061e-03
5.470400000000000262e-02,-7.539050000000000473e-01,-1.622799999999999937e-02
5.470400000000000262e-02,-7.539050000000000473e-01,-1.622799999999999937e-02
4.697300000000000086e-02,-7.632189999999999808e-01,-5.248000000000000061e-03
5.401100000000000345e-02,-7.617230000000000389e-01,-1.979900000000000063e-02
4.153400000000000147e-02,-7.540010000000000323e-01,1.011500000000000073e-02
4.034800000000000192e-02,-7.606910000000000061e-01,6.034000000000000301e-03
4.805899999999999755e-02,-7.574130000000000029e-01,-1.288000000000000082e-03
4.805899999999999755e-02,-7.574130000000000029e-01,-1.288000000000000082e-03
4.034800000000000192e-02,-7.606910000000000061e-01,6.034000000000000301e-03
4.697300000000000086e-02,-7.632189999999999808e-01,-5.248000000000000061e-03
3.316000000000000197e-02,-7.484950000000000214e-01,1.805800000000000113e-02
2.418500000000000164e-02,-7.435340000000000282e-01,2.187800000000000161e-02
3.219999999999999946e-02,-7.583039999999999781e-01,1.413799999999999953e-02
3.219999999999999946e-02,-7.583039999999999781e-01,1.413799999999999953e-02
2.418500000000000164e-02,-7.435340000000000282e-01,2.187800000000000161e-02
2.434599999999999959e-02,-7.558669999999999556e-01,1.888400000000000148e-02
5.052199999999999747e-02,-7.397479999999999611e-01,-6.350000000000000089e-02
5.720000000000000084e-02,-7.459569999999999812e-01,-4.891500000000000015e-02
4.884899999999999659e-02,-7.509890000000000176e-01,-6.483300000000000174e-02
5.787500000000000283e-02,-7.499109999999999943e-01,-3.259399999999999797e-02
5.888199999999999684e-02,-7.585150000000000503e-01,-3.692200000000000343e-02
5.720000000000000084e-02,-7.459569999999999812e-01,-4.891500000000000015e-02
4.034800000000000192e-02,-7.606910000000000061e-01,6.034000000000000301e-03
4.153400000000000147e-02,-7.540010000000000323e-01,1.011500000000000073e-02
3.219999999999999946e-02,-7.583039999999999781e-01,1.413799999999999953e-02
3.219999999999999946e-02,-7.583039999999999781e-01,1.413799999999999953e-02
4.153400000000000147e-02,-7.540010000000000323e-01,1.011500000000000073e-02
3.316000000000000197e-02,-7.484950000000000214e-01,1.805800000000000113e-02
1.519900000000000070e-02,-7.554570000000000451e-01,2.103999999999999967e-02
2.434599999999999959e-02,-7.558669999999999556e-01,1.888400000000000148e-02
1.571699999999999833e-02,-7.408259999999999845e-01,2.399199999999999944e-02
1.571699999999999833e-02,-7.408259999999999845e-01,2.399199999999999944e-02
2.434599999999999959e-02,-7.558669999999999556e-01,1.888400000000000148e-02
2.418500000000000164e-02,-7.435340000000000282e-01,2.187800000000000161e-02
1.571699999999999833e-02,-7.408259999999999845e-01,2.399199999999999944e-02
5.939999999999999968e-03,-7.287430000000000296e-01,2.994499999999999940e-02
5.909000000000000190e-03,-7.405880000000000241e-01,2.503000000000000017e-02
2.543399999999999828e-02,-1.062329999999999941e-01,6.171700000000000103e-02
5.364700000000000024e-02,-9.875200000000000644e-02,5.770399999999999835e-02
2.302099999999999980e-02,-9.043800000000000450e-02,5.264599999999999835e-02
2.302099999999999980e-02,-9.043800000000000450e-02,5.264599999999999835e-02
5.364700000000000024e-02,-9.875200000000000644e-02,5.770399999999999835e-02
5.359099999999999975e-02,-8.015999999999999515e-02,4.720200000000000090e-02
7.466899999999999926e-02,-1.217180000000000067e-01,-1.903330000000000022e-01
1.006770000000000026e-01,-1.436209999999999987e-01,-1.818379999999999996e-01
6.740300000000000458e-02,-1.386850000000000027e-01,-1.877369999999999872e-01
5.720000000000000084e-02,-7.459569999999999812e-01,-4.891500000000000015e-02
5.755600000000000299e-02,-7.395720000000000072e-01,-4.608199999999999796e-02
5.787500000000000283e-02,-7.499109999999999943e-01,-3.259399999999999797e-02
5.052199999999999747e-02,-7.397479999999999611e-01,-6.350000000000000089e-02
5.236199999999999882e-02,-7.311969999999999859e-01,-6.056799999999999684e-02
5.720000000000000084e-02,-7.459569999999999812e-01,-4.891500000000000015e-02
5.720000000000000084e-02,-7.459569999999999812e-01,-4.891500000000000015e-02
5.236199999999999882e-02,-7.311969999999999859e-01,-6.056799999999999684e-02
5.755600000000000299e-02,-7.395720000000000072e-01,-4.608199999999999796e-02
1.779890000000000083e-01,-1.147309999999999997e-01,-1.407529999999999892e-01
1.801699999999999968e-01,-8.332100000000000617e-02,-1.459300000000000042e-01
1.819139999999999924e-01,-1.126370000000000010e-01,-1.036450000000000010e-01
1.819139999999999924e-01,-1.126370000000000010e-01,-1.036450000000000010e-01
1.801699999999999968e-01,-8.332100000000000617e-02,-1.459300000000000042e-01
1.814030000000000087e-01,-7.965400000000000258e-02,-1.052960000000000007e-01
1.605000000000000038e-01,-1.137849999999999973e-01,-1.716219999999999968e-01
1.651299999999999990e-01,-8.667999999999999317e-02,-1.790910000000000002e-01
1.779890000000000083e-01,-1.147309999999999997e-01,-1.407529999999999892e-01
1.779890000000000083e-01,-1.147309999999999997e-01,-1.407529999999999892e-01
1.651299999999999990e-01,-8.667999999999999317e-02,-1.790910000000000002e-01
1.801699999999999968e-01,-8.332100000000000617e-02,-1.459300000000000042e-01
7.466899999999999926e-02,-1.217180000000000067e-01,-1.903330000000000022e-01
1.034810000000000035e-01,-1.253740000000000132e-01,-1.881919999999999982e-01
1.006770000000000026e-01,-1.436209999999999987e-01,-1.818379999999999996e-01
6.740300000000000458e-02,-1.386850000000000027e-01,-1.877369999999999872e-01
4.699799999999999811e-02,-1.042929999999999968e-01,-1.929589999999999916e-01
7.466899999999999926e-02,-1.217180000000000067e-01,-1.903330000000000022e-01
1.850580000000000003e-01,-4.490580000000000127e-01,7.222599999999999854e-02
1.839679999999999926e-01,-4.488349999999999840e-01,5.862499999999999656e-02
1.808019999999999905e-01,-4.654409999999999936e-01,6.611000000000000210e-02
1.808019999999999905e-01,-4.654409999999999936e-01,6.611000000000000210e-02
1.839679999999999926e-01,-4.488349999999999840e-01,5.862499999999999656e-02
1.814379999999999882e-01,-4.663169999999999815e-01,5.282300000000000190e-02
2.019380000000000064e-01,-4.708289999999999975e-01,1.387500000000000018e-02
1.920310000000000072e-01,-4.694949999999999957e-01,2.405099999999999946e-02
2.038989999999999969e-01,-4.532229999999999870e-01,2.043499999999999830e-02
2.038989999999999969e-01,-4.532229999999999870e-01,2.043499999999999830e-02
1.920310000000000072e-01,-4.694949999999999957e-01,2.405099999999999946e-02
1.941140000000000088e-01,-4.516879999999999784e-01,3.033200000000000132e-02
2.554359999999999964e-01,-4.813890000000000113e-01,3.173800000000000232e-02
2.584989999999999788e-01,-4.606770000000000032e-01,3.625300000000000050e-02
2.604400000000000048e-01,-4.831599999999999784e-01,4.900499999999999995e-02
2.604400000000000048e-01,-4.831599999999999784e-01,4.900499999999999995e-02
2.584989999999999788e-01,-4.606770000000000032e-01,3.625300000000000050e-02
2.651040000000000063e-01,-4.631330000000000169e-01,5.162400000000000322e-02
2.615339999999999887e-01,-4.631580000000000141e-01,6.642900000000000194e-02
2.569879999999999942e-01,-4.820240000000000080e-01,6.475999999999999812e-02
2.651040000000000063e-01,-4.631330000000000169e-01,5.162400000000000322e-02
2.651040000000000063e-01,-4.631330000000000169e-01,5.162400000000000322e-02
2.569879999999999942e-01,-4.820240000000000080e-01,6.475999999999999812e-02
2.604400000000000048e-01,-4.831599999999999784e-01,4.900499999999999995e-02
1.918080000000000063e-01,-4.679400000000000226e-01,8.787999999999999978e-02
1.843229999999999869e-01,-4.660159999999999858e-01,7.834099999999999397e-02
1.846409999999999996e-01,-4.895019999999999927e-01,8.368200000000000638e-02
1.846409999999999996e-01,-4.895019999999999927e-01,8.368200000000000638e-02
1.843229999999999869e-01,-4.660159999999999858e-01,7.834099999999999397e-02
1.771479999999999999e-01,-4.881559999999999788e-01,7.250800000000000300e-02
2.456230000000000080e-01,-4.586279999999999801e-01,2.380900000000000030e-02
2.456440000000000012e-01,-4.468099999999999850e-01,2.812399999999999969e-02
2.584989999999999788e-01,-4.606770000000000032e-01,3.625300000000000050e-02
2.554359999999999964e-01,-4.813890000000000113e-01,3.173800000000000232e-02
2.456230000000000080e-01,-4.586279999999999801e-01,2.380900000000000030e-02
2.584989999999999788e-01,-4.606770000000000032e-01,3.625300000000000050e-02
2.227000000000000091e-01,-4.991189999999999793e-01,9.551999999999999380e-02
2.354719999999999869e-01,-5.019019999999999593e-01,8.927200000000000413e-02
2.283669999999999867e-01,-4.770559999999999801e-01,9.725999999999999923e-02
2.283669999999999867e-01,-4.770559999999999801e-01,9.725999999999999923e-02
2.354719999999999869e-01,-5.019019999999999593e-01,8.927200000000000413e-02
2.402019999999999988e-01,-4.784979999999999789e-01,9.023399999999999477e-02
2.461379999999999957e-01,-5.045509999999999717e-01,7.790099999999999802e-02
2.495279999999999998e-01,-4.793569999999999776e-01,7.909700000000000064e-02
2.354719999999999869e-01,-5.019019999999999593e-01,8.927200000000000413e-02
2.354719999999999869e-01,-5.019019999999999593e-01,8.927200000000000413e-02
2.495279999999999998e-01,-4.793569999999999776e-01,7.909700000000000064e-02
2.402019999999999988e-01,-4.784979999999999789e-01,9.023399999999999477e-02
1.960189999999999988e-01,-4.926050000000000151e-01,9.193300000000000083e-02
2.093039999999999901e-01,-4.964210000000000012e-01,9.621300000000000685e-02
2.024060000000000026e-01,-4.713319999999999732e-01,9.536699999999999344e-02
2.024060000000000026e-01,-4.713319999999999732e-01,9.536699999999999344e-02
2.093039999999999901e-01,-4.964210000000000012e-01,9.621300000000000685e-02
2.153920000000000001e-01,-4.744680000000000009e-01,9.883500000000000618e-02
1.873340000000000005e-01,-4.499420000000000086e-01,4.378300000000000247e-02
1.941140000000000088e-01,-4.516879999999999784e-01,3.033200000000000132e-02
1.855799999999999950e-01,-4.681390000000000273e-01,3.802799999999999930e-02
1.855799999999999950e-01,-4.681390000000000273e-01,3.802799999999999930e-02
1.941140000000000088e-01,-4.516879999999999784e-01,3.033200000000000132e-02
1.920310000000000072e-01,-4.694949999999999957e-01,2.405099999999999946e-02
1.808019999999999905e-01,-4.654409999999999936e-01,6.611000000000000210e-02
1.771479999999999999e-01,-4.881559999999999788e-01,7.250800000000000300e-02
1.843229999999999869e-01,-4.660159999999999858e-01,7.834099999999999397e-02
2.461379999999999957e-01,-5.045509999999999717e-01,7.790099999999999802e-02
2.569879999999999942e-01,-4.820240000000000080e-01,6.475999999999999812e-02
2.495279999999999998e-01,-4.793569999999999776e-01,7.909700000000000064e-02
2.185970000000000135e-01,-4.419730000000000047e-01,2.237700000000000106e-02
2.317859999999999920e-01,-4.449819999999999887e-01,2.361600000000000157e-02
2.173879999999999979e-01,-4.550669999999999993e-01,1.639099999999999932e-02
2.173879999999999979e-01,-4.550669999999999993e-01,1.639099999999999932e-02
2.317859999999999920e-01,-4.449819999999999887e-01,2.361600000000000157e-02
2.314219999999999888e-01,-4.570989999999999776e-01,1.741200000000000039e-02
2.456440000000000012e-01,-4.468099999999999850e-01,2.812399999999999969e-02
2.456230000000000080e-01,-4.586279999999999801e-01,2.380900000000000030e-02
2.317859999999999920e-01,-4.449819999999999887e-01,2.361600000000000157e-02
2.317859999999999920e-01,-4.449819999999999887e-01,2.361600000000000157e-02
2.456230000000000080e-01,-4.586279999999999801e-01,2.380900000000000030e-02
2.314219999999999888e-01,-4.570989999999999776e-01,1.741200000000000039e-02
1.843229999999999869e-01,-4.660159999999999858e-01,7.834099999999999397e-02
1.850580000000000003e-01,-4.490580000000000127e-01,7.222599999999999854e-02
1.808019999999999905e-01,-4.654409999999999936e-01,6.611000000000000210e-02
2.038989999999999969e-01,-4.532229999999999870e-01,2.043499999999999830e-02
2.185970000000000135e-01,-4.419730000000000047e-01,2.237700000000000106e-02
2.173879999999999979e-01,-4.550669999999999993e-01,1.639099999999999932e-02
2.173879999999999979e-01,-4.550669999999999993e-01,1.639099999999999932e-02
2.019380000000000064e-01,-4.708289999999999975e-01,1.387500000000000018e-02
2.038989999999999969e-01,-4.532229999999999870e-01,2.043499999999999830e-02
2.569879999999999942e-01,-4.820240000000000080e-01,6.475999999999999812e-02
2.615339999999999887e-01,-4.631580000000000141e-01,6.642900000000000194e-02
2.495279999999999998e-01,-4.793569999999999776e-01,7.909700000000000064e-02
1.855799999999999950e-01,-4.681390000000000273e-01,3.802799999999999930e-02
1.814379999999999882e-01,-4.663169999999999815e-01,5.282300000000000190e-02
1.873340000000000005e-01,-4.499420000000000086e-01,4.378300000000000247e-02
1.873340000000000005e-01,-4.499420000000000086e-01,4.378300000000000247e-02
1.814379999999999882e-01,-4.663169999999999815e-01,5.282300000000000190e-02
1.839679999999999926e-01,-4.488349999999999840e-01,5.862499999999999656e-02
5.888199999999999684e-02,-7.585150000000000503e-01,-3.692200000000000343e-02
5.787500000000000283e-02,-7.499109999999999943e-01,-3.259399999999999797e-02
5.401100000000000345e-02,-7.617230000000000389e-01,-1.979900000000000063e-02
5.401100000000000345e-02,-7.617230000000000389e-01,-1.979900000000000063e-02
5.787500000000000283e-02,-7.499109999999999943e-01,-3.259399999999999797e-02
5.470400000000000262e-02,-7.539050000000000473e-01,-1.622799999999999937e-02
5.052199999999999747e-02,-7.397479999999999611e-01,-6.350000000000000089e-02
4.884899999999999659e-02,-7.509890000000000176e-01,-6.483300000000000174e-02
3.990400000000000197e-02,-7.353889999999999594e-01,-7.418199999999999794e-02
3.990400000000000197e-02,-7.353889999999999594e-01,-7.418199999999999794e-02
4.884899999999999659e-02,-7.509890000000000176e-01,-6.483300000000000174e-02
3.810299999999999798e-02,-7.463459999999999539e-01,-7.559899999999999953e-02
2.024060000000000026e-01,-4.713319999999999732e-01,9.536699999999999344e-02
1.918080000000000063e-01,-4.679400000000000226e-01,8.787999999999999978e-02
1.960189999999999988e-01,-4.926050000000000151e-01,9.193300000000000083e-02
1.960189999999999988e-01,-4.926050000000000151e-01,9.193300000000000083e-02
1.918080000000000063e-01,-4.679400000000000226e-01,8.787999999999999978e-02
1.846409999999999996e-01,-4.895019999999999927e-01,8.368200000000000638e-02
2.283669999999999867e-01,-4.770559999999999801e-01,9.725999999999999923e-02
2.153920000000000001e-01,-4.744680000000000009e-01,9.883500000000000618e-02
2.227000000000000091e-01,-4.991189999999999793e-01,9.551999999999999380e-02
2.227000000000000091e-01,-4.991189999999999793e-01,9.551999999999999380e-02
2.153920000000000001e-01,-4.744680000000000009e-01,9.883500000000000618e-02
2.093039999999999901e-01,-4.964210000000000012e-01,9.621300000000000685e-02
2.910599999999999993e-02,-7.324260000000000215e-01,-8.224299999999999666e-02
2.916799999999999948e-02,-7.434030000000000360e-01,-8.464199999999999502e-02
1.998000000000000123e-02,-7.305909999999999904e-01,-8.791000000000000203e-02
1.998000000000000123e-02,-7.305909999999999904e-01,-8.791000000000000203e-02
2.916799999999999948e-02,-7.434030000000000360e-01,-8.464199999999999502e-02
2.039600000000000093e-02,-7.418420000000000014e-01,-9.027499999999999414e-02
5.364700000000000024e-02,-9.875200000000000644e-02,5.770399999999999835e-02
8.159900000000000486e-02,-9.633799999999999308e-02,4.870499999999999829e-02
5.359099999999999975e-02,-8.015999999999999515e-02,4.720200000000000090e-02
5.359099999999999975e-02,-8.015999999999999515e-02,4.720200000000000090e-02
8.159900000000000486e-02,-9.633799999999999308e-02,4.870499999999999829e-02
8.319100000000000106e-02,-7.774200000000000554e-02,3.653800000000000103e-02
1.321789999999999909e-01,-1.068039999999999962e-01,1.267500000000000050e-02
1.353930000000000133e-01,-1.213589999999999947e-01,1.265400000000000032e-02
1.399219999999999908e-01,-1.008249999999999980e-01,-4.369999999999999970e-04
1.399219999999999908e-01,-1.008249999999999980e-01,-4.369999999999999970e-04
1.353930000000000133e-01,-1.213589999999999947e-01,1.265400000000000032e-02
1.485990000000000089e-01,-1.217109999999999997e-01,-7.574000000000000003e-03
8.159900000000000486e-02,-9.633799999999999308e-02,4.870499999999999829e-02
1.038739999999999941e-01,-9.685000000000000553e-02,3.609600000000000308e-02
8.319100000000000106e-02,-7.774200000000000554e-02,3.653800000000000103e-02
1.353930000000000133e-01,-1.213589999999999947e-01,1.265400000000000032e-02
1.321789999999999909e-01,-1.068039999999999962e-01,1.267500000000000050e-02
1.213650000000000007e-01,-1.186050000000000021e-01,2.836599999999999885e-02
1.213650000000000007e-01,-1.186050000000000021e-01,2.836599999999999885e-02
1.321789999999999909e-01,-1.068039999999999962e-01,1.267500000000000050e-02
1.211740000000000039e-01,-1.010360000000000008e-01,2.288199999999999956e-02
8.159900000000000486e-02,-9.633799999999999308e-02,4.870499999999999829e-02
1.035189999999999999e-01,-1.171480000000000021e-01,4.334500000000000158e-02
1.038739999999999941e-01,-9.685000000000000553e-02,3.609600000000000308e-02
3.936900000000000122e-02,-1.129359999999999947e-01,-1.929649999999999976e-01
2.814499999999999988e-02,-9.350700000000000678e-02,-1.887709999999999944e-01
4.699799999999999811e-02,-1.042929999999999968e-01,-1.929589999999999916e-01
1.979799999999999963e-02,-9.947400000000000686e-02,-1.866269999999999873e-01
2.627600000000000074e-02,-1.040890000000000010e-01,-1.890719999999999901e-01
2.255400000000000113e-02,-1.164030000000000065e-01,-1.873750000000000138e-01
2.255400000000000113e-02,-1.164030000000000065e-01,-1.873750000000000138e-01
1.407300000000000044e-02,-1.124430000000000013e-01,-1.846959999999999991e-01
1.979799999999999963e-02,-9.947400000000000686e-02,-1.866269999999999873e-01
1.979799999999999963e-02,-9.947400000000000686e-02,-1.866269999999999873e-01
1.407300000000000044e-02,-1.124430000000000013e-01,-1.846959999999999991e-01
1.150999999999999940e-02,-9.443300000000000305e-02,-1.814000000000000057e-01
2.627600000000000074e-02,-1.040890000000000010e-01,-1.890719999999999901e-01
1.979799999999999963e-02,-9.947400000000000686e-02,-1.866269999999999873e-01
2.814499999999999988e-02,-9.350700000000000678e-02,-1.887709999999999944e-01
2.039600000000000093e-02,-7.418420000000000014e-01,-9.027499999999999414e-02
1.154799999999999924e-02,-7.410379999999999745e-01,-9.241399999999999615e-02
1.998000000000000123e-02,-7.305909999999999904e-01,-8.791000000000000203e-02
1.998000000000000123e-02,-7.305909999999999904e-01,-8.791000000000000203e-02
1.154799999999999924e-02,-7.410379999999999745e-01,-9.241399999999999615e-02
1.074800000000000061e-02,-7.297010000000000440e-01,-8.965099999999999458e-02
1.571699999999999833e-02,-7.408259999999999845e-01,2.399199999999999944e-02
5.909000000000000190e-03,-7.405880000000000241e-01,2.503000000000000017e-02
1.519900000000000070e-02,-7.554570000000000451e-01,2.103999999999999967e-02
1.281009999999999927e-01,-1.573380000000000056e-01,-1.733119999999999938e-01
1.006770000000000026e-01,-1.436209999999999987e-01,-1.818379999999999996e-01
1.312909999999999910e-01,-1.359279999999999933e-01,-1.813619999999999954e-01
1.312909999999999910e-01,-1.359279999999999933e-01,-1.813619999999999954e-01
1.006770000000000026e-01,-1.436209999999999987e-01,-1.818379999999999996e-01
1.034810000000000035e-01,-1.253740000000000132e-01,-1.881919999999999982e-01
1.312909999999999910e-01,-1.359279999999999933e-01,-1.813619999999999954e-01
1.605000000000000038e-01,-1.137849999999999973e-01,-1.716219999999999968e-01
1.561279999999999890e-01,-1.396679999999999866e-01,-1.640929999999999889e-01
1.312909999999999910e-01,-1.359279999999999933e-01,-1.813619999999999954e-01
1.561279999999999890e-01,-1.396679999999999866e-01,-1.640929999999999889e-01
1.281009999999999927e-01,-1.573380000000000056e-01,-1.733119999999999938e-01
1.779890000000000083e-01,-1.147309999999999997e-01,-1.407529999999999892e-01
1.561279999999999890e-01,-1.396679999999999866e-01,-1.640929999999999889e-01
1.605000000000000038e-01,-1.137849999999999973e-01,-1.716219999999999968e-01
1.514659999999999895e-01,-9.197400000000000020e-02,-2.481600000000000125e-02
1.601980000000000071e-01,-1.173860000000000042e-01,-3.373400000000000010e-02
1.680619999999999892e-01,-7.631300000000000583e-02,-5.986600000000000255e-02
1.680619999999999892e-01,-7.631300000000000583e-02,-5.986600000000000255e-02
1.601980000000000071e-01,-1.173860000000000042e-01,-3.373400000000000010e-02
1.748170000000000002e-01,-1.137770000000000031e-01,-6.623099999999999821e-02
1.680619999999999892e-01,-7.631300000000000583e-02,-5.986600000000000255e-02
1.748170000000000002e-01,-1.137770000000000031e-01,-6.623099999999999821e-02
1.814030000000000087e-01,-7.965400000000000258e-02,-1.052960000000000007e-01
1.814030000000000087e-01,-7.965400000000000258e-02,-1.052960000000000007e-01
1.748170000000000002e-01,-1.137770000000000031e-01,-6.623099999999999821e-02
1.819139999999999924e-01,-1.126370000000000010e-01,-1.036450000000000010e-01
1.399219999999999908e-01,-1.008249999999999980e-01,-4.369999999999999970e-04
1.485990000000000089e-01,-1.217109999999999997e-01,-7.574000000000000003e-03
1.514659999999999895e-01,-9.197400000000000020e-02,-2.481600000000000125e-02
1.514659999999999895e-01,-9.197400000000000020e-02,-2.481600000000000125e-02
1.485990000000000089e-01,-1.217109999999999997e-01,-7.574000000000000003e-03
1.601980000000000071e-01,-1.173860000000000042e-01,-3.373400000000000010e-02
1.211740000000000039e-01,-1.010360000000000008e-01,2.288199999999999956e-02
1.038739999999999941e-01,-9.685000000000000553e-02,3.609600000000000308e-02
1.213650000000000007e-01,-1.186050000000000021e-01,2.836599999999999885e-02
1.213650000000000007e-01,-1.186050000000000021e-01,2.836599999999999885e-02
1.038739999999999941e-01,-9.685000000000000553e-02,3.609600000000000308e-02
1.035189999999999999e-01,-1.171480000000000021e-01,4.334500000000000158e-02
4.699799999999999811e-02,-1.042929999999999968e-01,-1.929589999999999916e-01
6.740300000000000458e-02,-1.386850000000000027e-01,-1.877369999999999872e-01
3.936900000000000122e-02,-1.129359999999999947e-01,-1.929649999999999976e-01
3.936900000000000122e-02,-1.129359999999999947e-01,-1.929649999999999976e-01
2.627600000000000074e-02,-1.040890000000000010e-01,-1.890719999999999901e-01
2.814499999999999988e-02,-9.350700000000000678e-02,-1.887709999999999944e-01
2.302099999999999980e-02,-9.043800000000000450e-02,5.264599999999999835e-02
-1.502000000000000080e-03,-1.019759999999999972e-01,5.347400000000000070e-02
2.543399999999999828e-02,-1.062329999999999941e-01,6.171700000000000103e-02
2.543399999999999828e-02,-1.062329999999999941e-01,6.171700000000000103e-02
-1.502000000000000080e-03,-1.019759999999999972e-01,5.347400000000000070e-02
6.109999999999999980e-04,-1.145339999999999969e-01,6.245200000000000057e-02
-7.747000000000000414e-03,-7.434760000000000257e-01,-8.616000000000000048e-02
-1.857500000000000123e-02,-7.462239999999999984e-01,-7.888399999999999579e-02
-9.799000000000000418e-03,-7.324070000000000302e-01,-8.415400000000000658e-02
-9.799000000000000418e-03,-7.324070000000000302e-01,-8.415400000000000658e-02
-1.857500000000000123e-02,-7.462239999999999984e-01,-7.888399999999999579e-02
-2.221499999999999864e-02,-7.351309999999999789e-01,-7.765299999999999980e-02
-3.951099999999999751e-02,-7.631940000000000390e-01,-2.293099999999999999e-02
-3.364600000000000229e-02,-7.646530000000000271e-01,-9.039000000000000160e-03
-3.944600000000000189e-02,-7.563220000000000498e-01,-1.786199999999999941e-02
-3.944600000000000189e-02,-7.563220000000000498e-01,-1.786199999999999941e-02
-3.364600000000000229e-02,-7.646530000000000271e-01,-9.039000000000000160e-03
-3.420700000000000129e-02,-7.596479999999999899e-01,-3.338999999999999954e-03
-3.364600000000000229e-02,-7.646530000000000271e-01,-9.039000000000000160e-03
-2.670300000000000104e-02,-7.625100000000000211e-01,3.027000000000000177e-03
-3.420700000000000129e-02,-7.596479999999999899e-01,-3.338999999999999954e-03
-3.420700000000000129e-02,-7.596479999999999899e-01,-3.338999999999999954e-03
-2.670300000000000104e-02,-7.625100000000000211e-01,3.027000000000000177e-03
-2.676399999999999960e-02,-7.564100000000000268e-01,8.684000000000000746e-03
-1.846799999999999831e-02,-7.499660000000000215e-01,1.635500000000000148e-02
-1.907100000000000115e-02,-7.589259999999999895e-01,1.154699999999999997e-02
-1.044100000000000063e-02,-7.444429999999999659e-01,2.006499999999999950e-02
-1.044100000000000063e-02,-7.444429999999999659e-01,2.006499999999999950e-02
-1.907100000000000115e-02,-7.589259999999999895e-01,1.154699999999999997e-02
-1.173100000000000011e-02,-7.566380000000000328e-01,1.673200000000000034e-02
-3.491799999999999765e-02,-7.396300000000000097e-01,-6.721699999999999897e-02
-3.121399999999999869e-02,-7.507300000000000084e-01,-6.949700000000000322e-02
-4.334099999999999758e-02,-7.459710000000000507e-01,-5.140399999999999830e-02
-4.334099999999999758e-02,-7.459710000000000507e-01,-5.140399999999999830e-02
-4.401800000000000157e-02,-7.601949999999999541e-01,-3.869899999999999729e-02
-4.370899999999999785e-02,-7.507549999999999502e-01,-3.390100000000000058e-02
-1.846799999999999831e-02,-7.499660000000000215e-01,1.635500000000000148e-02
-2.676399999999999960e-02,-7.564100000000000268e-01,8.684000000000000746e-03
-1.907100000000000115e-02,-7.589259999999999895e-01,1.154699999999999997e-02
-1.907100000000000115e-02,-7.589259999999999895e-01,1.154699999999999997e-02
-2.676399999999999960e-02,-7.564100000000000268e-01,8.684000000000000746e-03
-2.670300000000000104e-02,-7.625100000000000211e-01,3.027000000000000177e-03
-3.484999999999999817e-03,-7.559820000000000428e-01,1.998700000000000129e-02
-3.765999999999999816e-03,-7.412570000000000547e-01,2.288099999999999856e-02
-1.173100000000000011e-02,-7.566380000000000328e-01,1.673200000000000034e-02
-1.173100000000000011e-02,-7.566380000000000328e-01,1.673200000000000034e-02
-3.765999999999999816e-03,-7.412570000000000547e-01,2.288099999999999856e-02
-1.044100000000000063e-02,-7.444429999999999659e-01,2.006499999999999950e-02
5.939999999999999968e-03,-7.287430000000000296e-01,2.994499999999999940e-02
-3.765999999999999816e-03,-7.412570000000000547e-01,2.288099999999999856e-02
5.909000000000000190e-03,-7.405880000000000241e-01,2.503000000000000017e-02
-2.521800000000000083e-02,-1.165500000000000008e-01,7.462699999999999889e-02
-2.586899999999999963e-02,-1.004099999999999993e-01,6.821900000000000186e-02
-5.500200000000000228e-02,-1.156559999999999949e-01,8.138099999999999501e-02
-5.500200000000000228e-02,-1.156559999999999949e-01,8.138099999999999501e-02
-2.586899999999999963e-02,-1.004099999999999993e-01,6.821900000000000186e-02
-5.710799999999999904e-02,-9.677800000000000291e-02,7.640199999999999769e-02
-4.445199999999999846e-02,-1.148549999999999988e-01,-1.580920000000000103e-01
-8.037999999999999312e-02,-1.089750000000000024e-01,-1.463299999999999879e-01
-5.489800000000000235e-02,-9.159899999999999987e-02,-1.528519999999999879e-01
-4.370899999999999785e-02,-7.507549999999999502e-01,-3.390100000000000058e-02
-4.584499999999999686e-02,-7.398080000000000211e-01,-4.470400000000000068e-02
-4.334099999999999758e-02,-7.459710000000000507e-01,-5.140399999999999830e-02
-4.584499999999999686e-02,-7.398080000000000211e-01,-4.470400000000000068e-02
-3.956599999999999701e-02,-7.306829999999999714e-01,-6.183899999999999814e-02
-4.334099999999999758e-02,-7.459710000000000507e-01,-5.140399999999999830e-02
-4.334099999999999758e-02,-7.459710000000000507e-01,-5.140399999999999830e-02
-3.956599999999999701e-02,-7.306829999999999714e-01,-6.183899999999999814e-02
-3.491799999999999765e-02,-7.396300000000000097e-01,-6.721699999999999897e-02
-1.720629999999999937e-01,-7.168700000000000072e-02,-4.695200000000000068e-02
-1.655889999999999862e-01,-5.840800000000000158e-02,-8.476899999999999713e-02
-1.687019999999999909e-01,-1.044209999999999999e-01,-5.940200000000000341e-02
-1.687019999999999909e-01,-1.044209999999999999e-01,-5.940200000000000341e-02
-1.655889999999999862e-01,-5.840800000000000158e-02,-8.476899999999999713e-02
-1.603390000000000093e-01,-9.024999999999999689e-02,-9.268899999999999362e-02
-8.037999999999999312e-02,-1.089750000000000024e-01,-1.463299999999999879e-01
-8.617900000000000560e-02,-8.442299999999999804e-02,-1.446010000000000073e-01
-5.489800000000000235e-02,-9.159899999999999987e-02,-1.528519999999999879e-01
-5.489800000000000235e-02,-9.159899999999999987e-02,-1.528519999999999879e-01
-2.745900000000000077e-02,-8.409500000000000308e-02,-1.633040000000000047e-01
-4.445199999999999846e-02,-1.148549999999999988e-01,-1.580920000000000103e-01
-1.818899999999999961e-01,-4.756170000000000120e-01,-5.804000000000000131e-02
-1.862030000000000074e-01,-4.588979999999999726e-01,-6.320800000000000030e-02
-1.857979999999999909e-01,-4.683459999999999845e-01,-4.742600000000000288e-02
-1.857979999999999909e-01,-4.683459999999999845e-01,-4.742600000000000288e-02
-1.862030000000000074e-01,-4.588979999999999726e-01,-6.320800000000000030e-02
-1.911960000000000048e-01,-4.524719999999999853e-01,-5.303399999999999781e-02
-1.866829999999999878e-01,-4.767250000000000099e-01,-8.610299999999999898e-02
-1.835289999999999977e-01,-4.937489999999999934e-01,-8.205600000000000394e-02
-1.931940000000000046e-01,-4.846659999999999857e-01,-9.675699999999999579e-02
-1.931940000000000046e-01,-4.846659999999999857e-01,-9.675699999999999579e-02
-1.835289999999999977e-01,-4.937489999999999934e-01,-8.205600000000000394e-02
-1.896239999999999870e-01,-5.019150000000000000e-01,-9.330299999999999705e-02
-2.484899999999999887e-01,-5.091890000000000027e-01,-8.612100000000000311e-02
-2.577389999999999959e-01,-5.018930000000000335e-01,-7.164399999999999935e-02
-2.533409999999999829e-01,-4.900619999999999976e-01,-9.420900000000000107e-02
-2.533409999999999829e-01,-4.900619999999999976e-01,-9.420900000000000107e-02
-2.577389999999999959e-01,-5.018930000000000335e-01,-7.164399999999999935e-02
-2.634980000000000100e-01,-4.832429999999999781e-01,-8.032000000000000250e-02
-2.645620000000000194e-01,-4.748809999999999976e-01,-6.702800000000000424e-02
-2.634980000000000100e-01,-4.832429999999999781e-01,-8.032000000000000250e-02
-2.597260000000000124e-01,-4.914209999999999967e-01,-5.789799999999999808e-02
-2.597260000000000124e-01,-4.914209999999999967e-01,-5.789799999999999808e-02
-2.634980000000000100e-01,-4.832429999999999781e-01,-8.032000000000000250e-02
-2.577389999999999959e-01,-5.018930000000000335e-01,-7.164399999999999935e-02
-1.840620000000000034e-01,-4.838540000000000063e-01,-3.003400000000000167e-02
-1.928789999999999949e-01,-4.634730000000000238e-01,-3.901199999999999807e-02
-1.946920000000000039e-01,-4.804809999999999914e-01,-2.244300000000000114e-02
-1.946920000000000039e-01,-4.804809999999999914e-01,-2.244300000000000114e-02
-1.928789999999999949e-01,-4.634730000000000238e-01,-3.901199999999999807e-02
-2.027400000000000035e-01,-4.608289999999999886e-01,-3.223600000000000076e-02
-2.368530000000000080e-01,-4.937529999999999974e-01,-1.021750000000000019e-01
-2.533409999999999829e-01,-4.900619999999999976e-01,-9.420900000000000107e-02
-2.386419999999999930e-01,-4.817810000000000148e-01,-1.053650000000000003e-01
-2.368530000000000080e-01,-4.937529999999999974e-01,-1.021750000000000019e-01
-2.484899999999999887e-01,-5.091890000000000027e-01,-8.612100000000000311e-02
-2.533409999999999829e-01,-4.900619999999999976e-01,-9.420900000000000107e-02
-2.352009999999999934e-01,-4.865329999999999933e-01,-1.699300000000000116e-02
-2.409350000000000103e-01,-4.667720000000000202e-01,-2.815199999999999994e-02
-2.460019999999999984e-01,-4.936849999999999850e-01,-2.392700000000000035e-02
-2.460019999999999984e-01,-4.936849999999999850e-01,-2.392700000000000035e-02
-2.409350000000000103e-01,-4.667720000000000202e-01,-2.815199999999999994e-02
-2.507550000000000057e-01,-4.729499999999999815e-01,-3.568999999999999950e-02
-2.507550000000000057e-01,-4.729499999999999815e-01,-3.568999999999999950e-02
-2.565910000000000135e-01,-4.807330000000000214e-01,-4.640299999999999980e-02
-2.460019999999999984e-01,-4.936849999999999850e-01,-2.392700000000000035e-02
-2.460019999999999984e-01,-4.936849999999999850e-01,-2.392700000000000035e-02
-2.565910000000000135e-01,-4.807330000000000214e-01,-4.640299999999999980e-02
-2.528170000000000139e-01,-5.032579999999999831e-01,-3.425199999999999773e-02
-2.285399999999999932e-01,-4.627490000000000214e-01,-2.551300000000000096e-02
-2.218980000000000119e-01,-4.826819999999999999e-01,-1.459599999999999960e-02
-2.149709999999999954e-01,-4.607399999999999829e-01,-2.711099999999999968e-02
-2.149709999999999954e-01,-4.607399999999999829e-01,-2.711099999999999968e-02
-2.218980000000000119e-01,-4.826819999999999999e-01,-1.459599999999999960e-02
-2.080319999999999947e-01,-4.803680000000000172e-01,-1.681200000000000055e-02
-1.835289999999999977e-01,-4.937489999999999934e-01,-8.205600000000000394e-02
-1.866829999999999878e-01,-4.767250000000000099e-01,-8.610299999999999898e-02
-1.810229999999999895e-01,-4.846770000000000245e-01,-7.002200000000000091e-02
-1.810229999999999895e-01,-4.846770000000000245e-01,-7.002200000000000091e-02
-1.866829999999999878e-01,-4.767250000000000099e-01,-8.610299999999999898e-02
-1.846409999999999996e-01,-4.675059999999999771e-01,-7.450800000000000478e-02
-1.840620000000000034e-01,-4.838540000000000063e-01,-3.003400000000000167e-02
-1.857979999999999909e-01,-4.683459999999999845e-01,-4.742600000000000288e-02
-1.928789999999999949e-01,-4.634730000000000238e-01,-3.901199999999999807e-02
-2.565910000000000135e-01,-4.807330000000000214e-01,-4.640299999999999980e-02
-2.597260000000000124e-01,-4.914209999999999967e-01,-5.789799999999999808e-02
-2.528170000000000139e-01,-5.032579999999999831e-01,-3.425199999999999773e-02
-2.198960000000000081e-01,-4.944169999999999954e-01,-1.055309999999999998e-01
-2.223080000000000056e-01,-4.809610000000000274e-01,-1.066590000000000038e-01
-2.044590000000000019e-01,-4.910510000000000153e-01,-1.039810000000000040e-01
-2.044590000000000019e-01,-4.910510000000000153e-01,-1.039810000000000040e-01
-2.223080000000000056e-01,-4.809610000000000274e-01,-1.066590000000000038e-01
-2.076020000000000088e-01,-4.774470000000000103e-01,-1.058000000000000052e-01
-2.198960000000000081e-01,-4.944169999999999954e-01,-1.055309999999999998e-01
-2.368530000000000080e-01,-4.937529999999999974e-01,-1.021750000000000019e-01
-2.223080000000000056e-01,-4.809610000000000274e-01,-1.066590000000000038e-01
-2.223080000000000056e-01,-4.809610000000000274e-01,-1.066590000000000038e-01
-2.368530000000000080e-01,-4.937529999999999974e-01,-1.021750000000000019e-01
-2.386419999999999930e-01,-4.817810000000000148e-01,-1.053650000000000003e-01
-1.857979999999999909e-01,-4.683459999999999845e-01,-4.742600000000000288e-02
-1.911960000000000048e-01,-4.524719999999999853e-01,-5.303399999999999781e-02
-1.928789999999999949e-01,-4.634730000000000238e-01,-3.901199999999999807e-02
-2.076020000000000088e-01,-4.774470000000000103e-01,-1.058000000000000052e-01
-1.931940000000000046e-01,-4.846659999999999857e-01,-9.675699999999999579e-02
-2.044590000000000019e-01,-4.910510000000000153e-01,-1.039810000000000040e-01
-1.931940000000000046e-01,-4.846659999999999857e-01,-9.675699999999999579e-02
-1.896239999999999870e-01,-5.019150000000000000e-01,-9.330299999999999705e-02
-2.044590000000000019e-01,-4.910510000000000153e-01,-1.039810000000000040e-01
-2.597260000000000124e-01,-4.914209999999999967e-01,-5.789799999999999808e-02
-2.565910000000000135e-01,-4.807330000000000214e-01,-4.640299999999999980e-02
-2.645620000000000194e-01,-4.748809999999999976e-01,-6.702800000000000424e-02
-1.862030000000000074e-01,-4.588979999999999726e-01,-6.320800000000000030e-02
-1.818899999999999961e-01,-4.756170000000000120e-01,-5.804000000000000131e-02
-1.846409999999999996e-01,-4.675059999999999771e-01,-7.450800000000000478e-02
-1.846409999999999996e-01,-4.675059999999999771e-01,-7.450800000000000478e-02
-1.818899999999999961e-01,-4.756170000000000120e-01,-5.804000000000000131e-02
-1.810229999999999895e-01,-4.846770000000000245e-01,-7.002200000000000091e-02
-3.944600000000000189e-02,-7.563220000000000498e-01,-1.786199999999999941e-02
-4.370899999999999785e-02,-7.507549999999999502e-01,-3.390100000000000058e-02
-3.951099999999999751e-02,-7.631940000000000390e-01,-2.293099999999999999e-02
-3.951099999999999751e-02,-7.631940000000000390e-01,-2.293099999999999999e-02
-4.370899999999999785e-02,-7.507549999999999502e-01,-3.390100000000000058e-02
-4.401800000000000157e-02,-7.601949999999999541e-01,-3.869899999999999729e-02
-1.857500000000000123e-02,-7.462239999999999984e-01,-7.888399999999999579e-02
-3.121399999999999869e-02,-7.507300000000000084e-01,-6.949700000000000322e-02
-2.221499999999999864e-02,-7.351309999999999789e-01,-7.765299999999999980e-02
-2.221499999999999864e-02,-7.351309999999999789e-01,-7.765299999999999980e-02
-3.121399999999999869e-02,-7.507300000000000084e-01,-6.949700000000000322e-02
-3.491799999999999765e-02,-7.396300000000000097e-01,-6.721699999999999897e-02
-1.946920000000000039e-01,-4.804809999999999914e-01,-2.244300000000000114e-02
-2.027400000000000035e-01,-4.608289999999999886e-01,-3.223600000000000076e-02
-2.080319999999999947e-01,-4.803680000000000172e-01,-1.681200000000000055e-02
-2.080319999999999947e-01,-4.803680000000000172e-01,-1.681200000000000055e-02
-2.027400000000000035e-01,-4.608289999999999886e-01,-3.223600000000000076e-02
-2.149709999999999954e-01,-4.607399999999999829e-01,-2.711099999999999968e-02
-2.218980000000000119e-01,-4.826819999999999999e-01,-1.459599999999999960e-02
-2.285399999999999932e-01,-4.627490000000000214e-01,-2.551300000000000096e-02
-2.352009999999999934e-01,-4.865329999999999933e-01,-1.699300000000000116e-02
-2.352009999999999934e-01,-4.865329999999999933e-01,-1.699300000000000116e-02
-2.285399999999999932e-01,-4.627490000000000214e-01,-2.551300000000000096e-02
-2.409350000000000103e-01,-4.667720000000000202e-01,-2.815199999999999994e-02
-9.799000000000000418e-03,-7.324070000000000302e-01,-8.415400000000000658e-02
8.400000000000000348e-04,-7.306620000000000337e-01,-8.837200000000000610e-02
-7.747000000000000414e-03,-7.434760000000000257e-01,-8.616000000000000048e-02
-7.747000000000000414e-03,-7.434760000000000257e-01,-8.616000000000000048e-02
8.400000000000000348e-04,-7.306620000000000337e-01,-8.837200000000000610e-02
2.328999999999999907e-03,-7.420179999999999554e-01,-9.059300000000000685e-02
-5.500200000000000228e-02,-1.156559999999999949e-01,8.138099999999999501e-02
-5.710799999999999904e-02,-9.677800000000000291e-02,7.640199999999999769e-02
-8.212200000000000055e-02,-1.176689999999999958e-01,7.896400000000000641e-02
-8.212200000000000055e-02,-1.176689999999999958e-01,7.896400000000000641e-02
-5.710799999999999904e-02,-9.677800000000000291e-02,7.640199999999999769e-02
-8.584100000000000064e-02,-9.802700000000000302e-02,7.592699999999999450e-02
-1.288799999999999946e-01,-1.290840000000000043e-01,4.609100000000000003e-02
-1.366519999999999957e-01,-1.202600000000000058e-01,3.721000000000000002e-02
-1.291559999999999930e-01,-1.433010000000000117e-01,4.164700000000000346e-02
-1.291559999999999930e-01,-1.433010000000000117e-01,4.164700000000000346e-02
-1.366519999999999957e-01,-1.202600000000000058e-01,3.721000000000000002e-02
-1.399090000000000056e-01,-1.384710000000000107e-01,2.423900000000000013e-02
-8.584100000000000064e-02,-9.802700000000000302e-02,7.592699999999999450e-02
-1.040520000000000056e-01,-1.206580000000000014e-01,7.011199999999999377e-02
-8.212200000000000055e-02,-1.176689999999999958e-01,7.896400000000000641e-02
-1.202909999999999952e-01,-1.250020000000000020e-01,5.780600000000000321e-02
-1.288799999999999946e-01,-1.290840000000000043e-01,4.609100000000000003e-02
-1.169339999999999963e-01,-1.430180000000000062e-01,5.712799999999999823e-02
-1.169339999999999963e-01,-1.430180000000000062e-01,5.712799999999999823e-02
-1.288799999999999946e-01,-1.290840000000000043e-01,4.609100000000000003e-02
-1.291559999999999930e-01,-1.433010000000000117e-01,4.164700000000000346e-02
-1.040520000000000056e-01,-1.206580000000000014e-01,7.011199999999999377e-02
-1.003320000000000045e-01,-1.409690000000000110e-01,7.055000000000000160e-02
-8.212200000000000055e-02,-1.176689999999999958e-01,7.896400000000000641e-02
-2.745900000000000077e-02,-8.409500000000000308e-02,-1.633040000000000047e-01
-7.092000000000000214e-03,-8.289100000000000634e-02,-1.697259999999999880e-01
-1.617299999999999988e-02,-9.901000000000000079e-02,-1.693290000000000073e-01
4.754000000000000413e-03,-1.107069999999999999e-01,-1.801250000000000073e-01
-2.843000000000000041e-03,-9.554100000000000092e-02,-1.748580000000000134e-01
4.351999999999999966e-03,-9.517699999999999771e-02,-1.778740000000000043e-01
1.150999999999999940e-02,-9.443300000000000305e-02,-1.814000000000000057e-01
1.407300000000000044e-02,-1.124430000000000013e-01,-1.846959999999999991e-01
4.351999999999999966e-03,-9.517699999999999771e-02,-1.778740000000000043e-01
4.351999999999999966e-03,-9.517699999999999771e-02,-1.778740000000000043e-01
1.407300000000000044e-02,-1.124430000000000013e-01,-1.846959999999999991e-01
4.754000000000000413e-03,-1.107069999999999999e-01,-1.801250000000000073e-01
-2.843000000000000041e-03,-9.554100000000000092e-02,-1.748580000000000134e-01
-7.092000000000000214e-03,-8.289100000000000634e-02,-1.697259999999999880e-01
4.351999999999999966e-03,-9.517699999999999771e-02,-1.778740000000000043e-01
1.074800000000000061e-02,-7.297010000000000440e-01,-8.965099999999999458e-02
1.154799999999999924e-02,-7.410379999999999745e-01,-9.241399999999999615e-02
8.400000000000000348e-04,-7.306620000000000337e-01,-8.837200000000000610e-02
8.400000000000000348e-04,-7.306620000000000337e-01,-8.837200000000000610e-02
1.154799999999999924e-02,-7.410379999999999745e-01,-9.241399999999999615e-02
2.328999999999999907e-03,-7.420179999999999554e-01,-9.059300000000000685e-02
-3.484999999999999817e-03,-7.559820000000000428e-01,1.998700000000000129e-02
5.909000000000000190e-03,-7.405880000000000241e-01,2.503000000000000017e-02
-3.765999999999999816e-03,-7.412570000000000547e-01,2.288099999999999856e-02
-8.617900000000000560e-02,-8.442299999999999804e-02,-1.446010000000000073e-01
-8.037999999999999312e-02,-1.089750000000000024e-01,-1.463299999999999879e-01
-1.131090000000000012e-01,-9.485100000000000475e-02,-1.381739999999999913e-01
-1.131090000000000012e-01,-9.485100000000000475e-02,-1.381739999999999913e-01
-8.037999999999999312e-02,-1.089750000000000024e-01,-1.463299999999999879e-01
-1.067280000000000034e-01,-1.213790000000000008e-01,-1.373630000000000129e-01
-1.375929999999999931e-01,-1.068599999999999967e-01,-1.218410000000000049e-01
-1.429519999999999957e-01,-7.742899999999999783e-02,-1.196279999999999982e-01
-1.131090000000000012e-01,-9.485100000000000475e-02,-1.381739999999999913e-01
-1.067280000000000034e-01,-1.213790000000000008e-01,-1.373630000000000129e-01
-1.375929999999999931e-01,-1.068599999999999967e-01,-1.218410000000000049e-01
-1.131090000000000012e-01,-9.485100000000000475e-02,-1.381739999999999913e-01
-1.687019999999999909e-01,-1.044209999999999999e-01,-5.940200000000000341e-02
-1.603390000000000093e-01,-9.024999999999999689e-02,-9.268899999999999362e-02
-1.625119999999999898e-01,-1.367700000000000027e-01,-7.149800000000000599e-02
-1.625119999999999898e-01,-1.367700000000000027e-01,-7.149800000000000599e-02
-1.603390000000000093e-01,-9.024999999999999689e-02,-9.268899999999999362e-02
-1.553350000000000009e-01,-1.216789999999999955e-01,-9.891400000000000192e-02
-1.553350000000000009e-01,-1.216789999999999955e-01,-9.891400000000000192e-02
-1.603390000000000093e-01,-9.024999999999999689e-02,-9.268899999999999362e-02
-1.375929999999999931e-01,-1.068599999999999967e-01,-1.218410000000000049e-01
-1.375929999999999931e-01,-1.068599999999999967e-01,-1.218410000000000049e-01
-1.603390000000000093e-01,-9.024999999999999689e-02,-9.268899999999999362e-02
-1.429519999999999957e-01,-7.742899999999999783e-02,-1.196279999999999982e-01
-1.645109999999999906e-01,-1.178040000000000059e-01,-2.617699999999999888e-02
-1.522509999999999974e-01,-1.292099999999999915e-01,1.227999999999999925e-03
-1.636450000000000127e-01,-8.258400000000000463e-02,-2.903999999999999897e-03
-1.636450000000000127e-01,-8.258400000000000463e-02,-2.903999999999999897e-03
-1.522509999999999974e-01,-1.292099999999999915e-01,1.227999999999999925e-03
-1.486879999999999868e-01,-1.063199999999999978e-01,2.080999999999999864e-02
-1.687019999999999909e-01,-1.044209999999999999e-01,-5.940200000000000341e-02
-1.645109999999999906e-01,-1.178040000000000059e-01,-2.617699999999999888e-02
-1.720629999999999937e-01,-7.168700000000000072e-02,-4.695200000000000068e-02
-1.720629999999999937e-01,-7.168700000000000072e-02,-4.695200000000000068e-02
-1.645109999999999906e-01,-1.178040000000000059e-01,-2.617699999999999888e-02
-1.636450000000000127e-01,-8.258400000000000463e-02,-2.903999999999999897e-03
-1.522509999999999974e-01,-1.292099999999999915e-01,1.227999999999999925e-03
-1.399090000000000056e-01,-1.384710000000000107e-01,2.423900000000000013e-02
-1.486879999999999868e-01,-1.063199999999999978e-01,2.080999999999999864e-02
-1.486879999999999868e-01,-1.063199999999999978e-01,2.080999999999999864e-02
-1.399090000000000056e-01,-1.384710000000000107e-01,2.423900000000000013e-02
-1.366519999999999957e-01,-1.202600000000000058e-01,3.721000000000000002e-02
-1.003320000000000045e-01,-1.409690000000000110e-01,7.055000000000000160e-02
-1.040520000000000056e-01,-1.206580000000000014e-01,7.011199999999999377e-02
-1.169339999999999963e-01,-1.430180000000000062e-01,5.712799999999999823e-02
-1.169339999999999963e-01,-1.430180000000000062e-01,5.712799999999999823e-02
-1.040520000000000056e-01,-1.206580000000000014e-01,7.011199999999999377e-02
-1.202909999999999952e-01,-1.250020000000000020e-01,5.780600000000000321e-02
-2.745900000000000077e-02,-8.409500000000000308e-02,-1.633040000000000047e-01
-1.617299999999999988e-02,-9.901000000000000079e-02,-1.693290000000000073e-01
-4.445199999999999846e-02,-1.148549999999999988e-01,-1.580920000000000103e-01
-7.092000000000000214e-03,-8.289100000000000634e-02,-1.697259999999999880e-01
-2.843000000000000041e-03,-9.554100000000000092e-02,-1.748580000000000134e-01
-1.617299999999999988e-02,-9.901000000000000079e-02,-1.693290000000000073e-01
6.109999999999999980e-04,-1.145339999999999969e-01,6.245200000000000057e-02
-1.502000000000000080e-03,-1.019759999999999972e-01,5.347400000000000070e-02
-2.521800000000000083e-02,-1.165500000000000008e-01,7.462699999999999889e-02
-2.521800000000000083e-02,-1.165500000000000008e-01,7.462699999999999889e-02
-1.502000000000000080e-03,-1.019759999999999972e-01,5.347400000000000070e-02
-2.586899999999999963e-02,-1.004099999999999993e-01,6.821900000000000186e-02
7.377200000000000424e-02,5.591779999999999529e-01,-2.938729999999999953e-01
6.545099999999999529e-02,5.206410000000000204e-01,-2.893970000000000153e-01
5.843899999999999789e-02,5.588539999999999619e-01,-2.923540000000000028e-01
4.977999999999999786e-02,5.206169999999999964e-01,-2.791919999999999957e-01
3.621300000000000213e-02,5.554400000000000448e-01,-2.705960000000000032e-01
4.587299999999999711e-02,5.578379999999999450e-01,-2.837200000000000277e-01
4.587299999999999711e-02,5.578379999999999450e-01,-2.837200000000000277e-01
5.843899999999999789e-02,5.588539999999999619e-01,-2.923540000000000028e-01
4.977999999999999786e-02,5.206169999999999964e-01,-2.791919999999999957e-01
4.977999999999999786e-02,5.206169999999999964e-01,-2.791919999999999957e-01
5.843899999999999789e-02,5.588539999999999619e-01,-2.923540000000000028e-01
6.545099999999999529e-02,5.206410000000000204e-01,-2.893970000000000153e-01
2.705259999999999887e-01,-1.355379999999999918e-01,6.705300000000000149e-02
2.706359999999999877e-01,-1.369700000000000084e-01,5.910699999999999982e-02
2.698889999999999900e-01,-1.482070000000000054e-01,6.662800000000000666e-02
2.666990000000000194e-01,-1.467799999999999938e-01,2.921199999999999838e-02
2.777270000000000016e-01,-1.545489999999999919e-01,2.151700000000000140e-02
2.693809999999999816e-01,-1.518500000000000127e-01,3.774799999999999683e-02
2.693809999999999816e-01,-1.518500000000000127e-01,3.774799999999999683e-02
2.777270000000000016e-01,-1.545489999999999919e-01,2.151700000000000140e-02
2.776230000000000087e-01,-1.604369999999999963e-01,2.777800000000000061e-02
2.698889999999999900e-01,-1.482070000000000054e-01,6.662800000000000666e-02
2.727939999999999809e-01,-1.398639999999999883e-01,8.004600000000000604e-02
2.705259999999999887e-01,-1.355379999999999918e-01,6.705300000000000149e-02
2.916389999999999816e-01,-1.445740000000000081e-01,8.801799999999999902e-02
3.012090000000000045e-01,-1.450490000000000113e-01,8.435499999999999943e-02
2.948500000000000010e-01,-1.353229999999999988e-01,8.971700000000000508e-02
2.948500000000000010e-01,-1.353229999999999988e-01,8.971700000000000508e-02
3.012090000000000045e-01,-1.450490000000000113e-01,8.435499999999999943e-02
3.043959999999999999e-01,-1.355220000000000036e-01,8.369899999999999562e-02
2.904430000000000067e-01,-1.622949999999999948e-01,2.478800000000000101e-02
2.776230000000000087e-01,-1.604369999999999963e-01,2.777800000000000061e-02
2.904229999999999867e-01,-1.556130000000000013e-01,2.194700000000000123e-02
2.904229999999999867e-01,-1.556130000000000013e-01,2.194700000000000123e-02
2.776230000000000087e-01,-1.604369999999999963e-01,2.777800000000000061e-02
2.777270000000000016e-01,-1.545489999999999919e-01,2.151700000000000140e-02
2.768289999999999917e-01,-1.247670000000000029e-01,5.567500000000000226e-02
2.687760000000000149e-01,-1.366219999999999934e-01,4.780899999999999733e-02
2.703800000000000092e-01,-1.375309999999999866e-01,5.407800000000000107e-02
2.740799999999999903e-01,-1.303229999999999944e-01,8.323300000000000143e-02
2.727829999999999977e-01,-1.266369999999999996e-01,7.165299999999999447e-02
2.727939999999999809e-01,-1.398639999999999883e-01,8.004600000000000604e-02
2.727939999999999809e-01,-1.398639999999999883e-01,8.004600000000000604e-02
2.727829999999999977e-01,-1.266369999999999996e-01,7.165299999999999447e-02
2.705259999999999887e-01,-1.355379999999999918e-01,6.705300000000000149e-02
3.112329999999999819e-01,-1.437940000000000051e-01,3.061399999999999885e-02
3.181189999999999851e-01,-1.416050000000000086e-01,4.415100000000000274e-02
3.108810000000000184e-01,-1.525859999999999994e-01,3.268399999999999778e-02
3.108810000000000184e-01,-1.525859999999999994e-01,3.268399999999999778e-02
3.181189999999999851e-01,-1.416050000000000086e-01,4.415100000000000274e-02
3.165430000000000188e-01,-1.517729999999999912e-01,4.454700000000000326e-02
3.089470000000000272e-01,-1.444229999999999958e-01,7.672600000000000253e-02
3.141129999999999756e-01,-1.438679999999999959e-01,6.698700000000000487e-02
3.105669999999999820e-01,-1.349710000000000076e-01,7.600200000000000011e-02
3.105669999999999820e-01,-1.349710000000000076e-01,7.600200000000000011e-02
3.141129999999999756e-01,-1.438679999999999959e-01,6.698700000000000487e-02
3.148299999999999987e-01,-1.340000000000000080e-01,6.704699999999999549e-02
3.141129999999999756e-01,-1.438679999999999959e-01,6.698700000000000487e-02
3.170990000000000197e-01,-1.433500000000000052e-01,5.732999999999999902e-02
3.148299999999999987e-01,-1.340000000000000080e-01,6.704699999999999549e-02
3.170990000000000197e-01,-1.433500000000000052e-01,5.732999999999999902e-02
3.141129999999999756e-01,-1.438679999999999959e-01,6.698700000000000487e-02
3.163610000000000033e-01,-1.519989999999999952e-01,5.723600000000000215e-02
3.163610000000000033e-01,-1.519989999999999952e-01,5.723600000000000215e-02
3.165430000000000188e-01,-1.517729999999999912e-01,4.454700000000000326e-02
3.170990000000000197e-01,-1.433500000000000052e-01,5.732999999999999902e-02
3.170990000000000197e-01,-1.433500000000000052e-01,5.732999999999999902e-02
3.165430000000000188e-01,-1.517729999999999912e-01,4.454700000000000326e-02
3.181189999999999851e-01,-1.416050000000000086e-01,4.415100000000000274e-02
3.017500000000000182e-01,-1.547290000000000054e-01,2.487899999999999834e-02
2.904430000000000067e-01,-1.622949999999999948e-01,2.478800000000000101e-02
2.904229999999999867e-01,-1.556130000000000013e-01,2.194700000000000123e-02
2.703800000000000092e-01,-1.375309999999999866e-01,5.407800000000000107e-02
2.706359999999999877e-01,-1.369700000000000084e-01,5.910699999999999982e-02
2.768289999999999917e-01,-1.247670000000000029e-01,5.567500000000000226e-02
2.768289999999999917e-01,-1.247670000000000029e-01,5.567500000000000226e-02
2.706359999999999877e-01,-1.369700000000000084e-01,5.910699999999999982e-02
2.762350000000000083e-01,-1.251690000000000025e-01,5.931899999999999673e-02
2.705259999999999887e-01,-1.355379999999999918e-01,6.705300000000000149e-02
2.762350000000000083e-01,-1.251690000000000025e-01,5.931899999999999673e-02
2.706359999999999877e-01,-1.369700000000000084e-01,5.910699999999999982e-02
2.948500000000000010e-01,-1.353229999999999988e-01,8.971700000000000508e-02
2.835360000000000102e-01,-1.336140000000000105e-01,9.023499999999999577e-02
2.916389999999999816e-01,-1.445740000000000081e-01,8.801799999999999902e-02
2.916389999999999816e-01,-1.445740000000000081e-01,8.801799999999999902e-02
2.835360000000000102e-01,-1.336140000000000105e-01,9.023499999999999577e-02
2.812970000000000192e-01,-1.427670000000000050e-01,8.675700000000000078e-02
2.835360000000000102e-01,-1.336140000000000105e-01,9.023499999999999577e-02
2.740799999999999903e-01,-1.303229999999999944e-01,8.323300000000000143e-02
2.812970000000000192e-01,-1.427670000000000050e-01,8.675700000000000078e-02
2.703800000000000092e-01,-1.375309999999999866e-01,5.407800000000000107e-02
2.687760000000000149e-01,-1.366219999999999934e-01,4.780899999999999733e-02
2.697669999999999790e-01,-1.497920000000000085e-01,4.958699999999999913e-02
2.697669999999999790e-01,-1.497920000000000085e-01,4.958699999999999913e-02
2.687760000000000149e-01,-1.366219999999999934e-01,4.780899999999999733e-02
2.693809999999999816e-01,-1.518500000000000127e-01,3.774799999999999683e-02
2.666990000000000194e-01,-1.467799999999999938e-01,2.921199999999999838e-02
2.693809999999999816e-01,-1.518500000000000127e-01,3.774799999999999683e-02
2.665370000000000239e-01,-1.333979999999999888e-01,3.974099999999999855e-02
2.665370000000000239e-01,-1.333979999999999888e-01,3.974099999999999855e-02
2.693809999999999816e-01,-1.518500000000000127e-01,3.774799999999999683e-02
2.687760000000000149e-01,-1.366219999999999934e-01,4.780899999999999733e-02
2.740799999999999903e-01,-1.303229999999999944e-01,8.323300000000000143e-02
2.757020000000000026e-01,-1.210200000000000026e-01,8.481800000000000450e-02
2.727829999999999977e-01,-1.266369999999999996e-01,7.165299999999999447e-02
2.904229999999999867e-01,-1.556130000000000013e-01,2.194700000000000123e-02
3.021940000000000182e-01,-1.471200000000000008e-01,2.039499999999999993e-02
3.017500000000000182e-01,-1.547290000000000054e-01,2.487899999999999834e-02
3.021940000000000182e-01,-1.471200000000000008e-01,2.039499999999999993e-02
3.112329999999999819e-01,-1.437940000000000051e-01,3.061399999999999885e-02
3.017500000000000182e-01,-1.547290000000000054e-01,2.487899999999999834e-02
3.017500000000000182e-01,-1.547290000000000054e-01,2.487899999999999834e-02
3.112329999999999819e-01,-1.437940000000000051e-01,3.061399999999999885e-02
3.108810000000000184e-01,-1.525859999999999994e-01,3.268399999999999778e-02
2.740799999999999903e-01,-1.303229999999999944e-01,8.323300000000000143e-02
2.835360000000000102e-01,-1.336140000000000105e-01,9.023499999999999577e-02
2.757020000000000026e-01,-1.210200000000000026e-01,8.481800000000000450e-02
3.105669999999999820e-01,-1.349710000000000076e-01,7.600200000000000011e-02
3.043959999999999999e-01,-1.355220000000000036e-01,8.369899999999999562e-02
3.089470000000000272e-01,-1.444229999999999958e-01,7.672600000000000253e-02
3.089470000000000272e-01,-1.444229999999999958e-01,7.672600000000000253e-02
3.043959999999999999e-01,-1.355220000000000036e-01,8.369899999999999562e-02
3.012090000000000045e-01,-1.450490000000000113e-01,8.435499999999999943e-02
3.434500000000000053e-02,5.880950000000000344e-01,-2.294740000000000113e-01
4.058099999999999902e-02,5.560500000000000442e-01,-2.216639999999999999e-01
4.556299999999999933e-02,5.901950000000000252e-01,-2.223150000000000126e-01
4.556299999999999933e-02,5.901950000000000252e-01,-2.223150000000000126e-01
4.058099999999999902e-02,5.560500000000000442e-01,-2.216639999999999999e-01
5.299700000000000244e-02,5.582789999999999697e-01,-2.152830000000000021e-01
9.092300000000000382e-02,5.670420000000000460e-01,-2.306269999999999987e-01
8.036400000000000488e-02,5.975369999999999848e-01,-2.380049999999999943e-01
8.139699999999999713e-02,5.659629999999999939e-01,-2.211609999999999965e-01
8.139699999999999713e-02,5.659629999999999939e-01,-2.211609999999999965e-01
8.036400000000000488e-02,5.975369999999999848e-01,-2.380049999999999943e-01
7.180499999999999383e-02,5.963270000000000515e-01,-2.281950000000000089e-01
7.611600000000000310e-02,6.256119999999999459e-01,-2.551289999999999947e-01
8.603199999999999736e-02,5.970590000000000064e-01,-2.504239999999999799e-01
7.547800000000000342e-02,6.210579999999999989e-01,-2.733039999999999914e-01
7.547800000000000342e-02,6.210579999999999989e-01,-2.733039999999999914e-01
8.603199999999999736e-02,5.970590000000000064e-01,-2.504239999999999799e-01
8.596399999999999875e-02,5.934639999999999915e-01,-2.690629999999999966e-01
6.989399999999999780e-02,6.200189999999999868e-01,-2.924809999999999910e-01
7.547800000000000342e-02,6.210579999999999989e-01,-2.733039999999999914e-01
7.919199999999999851e-02,5.925519999999999676e-01,-2.887299999999999867e-01
7.919199999999999851e-02,5.925519999999999676e-01,-2.887299999999999867e-01
7.547800000000000342e-02,6.210579999999999989e-01,-2.733039999999999914e-01
8.596399999999999875e-02,5.934639999999999915e-01,-2.690629999999999966e-01
7.919199999999999851e-02,5.925519999999999676e-01,-2.887299999999999867e-01
7.377200000000000424e-02,5.591779999999999529e-01,-2.938729999999999953e-01
6.508099999999999996e-02,5.912429999999999630e-01,-2.992839999999999945e-01
2.796600000000000127e-02,5.855949999999999767e-01,-2.634830000000000227e-01
2.929899999999999866e-02,5.535510000000000153e-01,-2.557619999999999894e-01
2.693600000000000161e-02,5.859619999999999829e-01,-2.487759999999999971e-01
2.693600000000000161e-02,5.859619999999999829e-01,-2.487759999999999971e-01
2.929899999999999866e-02,5.535510000000000153e-01,-2.557619999999999894e-01
2.943000000000000130e-02,5.532639999999999780e-01,-2.411000000000000087e-01
5.949499999999999927e-02,5.932439999999999936e-01,-2.219180000000000041e-01
6.813600000000000212e-02,5.621540000000000425e-01,-2.151550000000000129e-01
7.180499999999999383e-02,5.963270000000000515e-01,-2.281950000000000089e-01
7.180499999999999383e-02,5.963270000000000515e-01,-2.281950000000000089e-01
6.813600000000000212e-02,5.621540000000000425e-01,-2.151550000000000129e-01
8.139699999999999713e-02,5.659629999999999939e-01,-2.211609999999999965e-01
7.611600000000000310e-02,6.256119999999999459e-01,-2.551289999999999947e-01
8.036400000000000488e-02,5.975369999999999848e-01,-2.380049999999999943e-01
8.603199999999999736e-02,5.970590000000000064e-01,-2.504239999999999799e-01
3.346199999999999869e-02,5.867299999999999738e-01,-2.791069999999999940e-01
3.621300000000000213e-02,5.554400000000000448e-01,-2.705960000000000032e-01
2.796600000000000127e-02,5.855949999999999767e-01,-2.634830000000000227e-01
2.796600000000000127e-02,5.855949999999999767e-01,-2.634830000000000227e-01
3.621300000000000213e-02,5.554400000000000448e-01,-2.705960000000000032e-01
2.929899999999999866e-02,5.535510000000000153e-01,-2.557619999999999894e-01
4.556299999999999933e-02,5.901950000000000252e-01,-2.223150000000000126e-01
5.299700000000000244e-02,5.582789999999999697e-01,-2.152830000000000021e-01
5.949499999999999927e-02,5.932439999999999936e-01,-2.219180000000000041e-01
5.949499999999999927e-02,5.932439999999999936e-01,-2.219180000000000041e-01
5.299700000000000244e-02,5.582789999999999697e-01,-2.152830000000000021e-01
6.813600000000000212e-02,5.621540000000000425e-01,-2.151550000000000129e-01
3.380299999999999971e-02,5.539899999999999824e-01,-2.300389999999999935e-01
2.924399999999999916e-02,5.869889999999999830e-01,-2.380390000000000006e-01
2.943000000000000130e-02,5.532639999999999780e-01,-2.411000000000000087e-01
2.943000000000000130e-02,5.532639999999999780e-01,-2.411000000000000087e-01
2.924399999999999916e-02,5.869889999999999830e-01,-2.380390000000000006e-01
2.693600000000000161e-02,5.859619999999999829e-01,-2.487759999999999971e-01
3.346199999999999869e-02,5.867299999999999738e-01,-2.791069999999999940e-01
4.587299999999999711e-02,5.578379999999999450e-01,-2.837200000000000277e-01
3.621300000000000213e-02,5.554400000000000448e-01,-2.705960000000000032e-01
7.377200000000000424e-02,5.591779999999999529e-01,-2.938729999999999953e-01
5.843899999999999789e-02,5.588539999999999619e-01,-2.923540000000000028e-01
6.508099999999999996e-02,5.912429999999999630e-01,-2.992839999999999945e-01
7.919199999999999851e-02,5.925519999999999676e-01,-2.887299999999999867e-01
6.508099999999999996e-02,5.912429999999999630e-01,-2.992839999999999945e-01
6.989399999999999780e-02,6.200189999999999868e-01,-2.924809999999999910e-01
9.092300000000000382e-02,5.670420000000000460e-01,-2.306269999999999987e-01
8.603199999999999736e-02,5.970590000000000064e-01,-2.504239999999999799e-01
8.036400000000000488e-02,5.975369999999999848e-01,-2.380049999999999943e-01
4.058099999999999902e-02,5.560500000000000442e-01,-2.216639999999999999e-01
3.434500000000000053e-02,5.880950000000000344e-01,-2.294740000000000113e-01
3.380299999999999971e-02,5.539899999999999824e-01,-2.300389999999999935e-01
3.380299999999999971e-02,5.539899999999999824e-01,-2.300389999999999935e-01
3.434500000000000053e-02,5.880950000000000344e-01,-2.294740000000000113e-01
2.924399999999999916e-02,5.869889999999999830e-01,-2.380390000000000006e-01
-6.782699999999999840e-02,4.565620000000000234e-01,1.873229999999999895e-01
-7.808199999999999863e-02,4.822489999999999832e-01,2.169049999999999867e-01
-6.130800000000000138e-02,4.803000000000000047e-01,2.172509999999999997e-01
-4.020399999999999668e-02,4.585310000000000219e-01,2.303419999999999912e-01
-5.276900000000000340e-02,4.461359999999999770e-01,1.948340000000000072e-01
-4.860899999999999943e-02,4.710969999999999880e-01,2.232210000000000027e-01
-6.782699999999999840e-02,4.565620000000000234e-01,1.873229999999999895e-01
-6.130800000000000138e-02,4.803000000000000047e-01,2.172509999999999997e-01
-5.276900000000000340e-02,4.461359999999999770e-01,1.948340000000000072e-01
-5.276900000000000340e-02,4.461359999999999770e-01,1.948340000000000072e-01
-6.130800000000000138e-02,4.803000000000000047e-01,2.172509999999999997e-01
-4.860899999999999943e-02,4.710969999999999880e-01,2.232210000000000027e-01
-1.627730000000000010e-01,-2.693409999999999971e-01,-3.025140000000000051e-01
-1.696830000000000005e-01,-2.666709999999999914e-01,-2.948290000000000077e-01
-1.726030000000000064e-01,-2.797220000000000262e-01,-3.075999999999999845e-01
-1.726030000000000064e-01,-2.797220000000000262e-01,-3.075999999999999845e-01
-1.696830000000000005e-01,-2.666709999999999914e-01,-2.948290000000000077e-01
-1.770369999999999999e-01,-2.796839999999999882e-01,-2.988640000000000185e-01
-2.104389999999999872e-01,-2.190139999999999865e-01,-2.903800000000000270e-01
-2.106049999999999867e-01,-2.250870000000000093e-01,-2.824519999999999809e-01
-2.030260000000000120e-01,-2.147409999999999874e-01,-2.825710000000000166e-01
-2.030260000000000120e-01,-2.147409999999999874e-01,-2.825710000000000166e-01
-2.106049999999999867e-01,-2.250870000000000093e-01,-2.824519999999999809e-01
-2.023820000000000063e-01,-2.226640000000000008e-01,-2.763430000000000053e-01
-1.726030000000000064e-01,-2.797220000000000262e-01,-3.075999999999999845e-01
-1.770369999999999999e-01,-2.796839999999999882e-01,-2.988640000000000185e-01
-1.845980000000000121e-01,-2.799809999999999799e-01,-3.120979999999999865e-01
-1.845980000000000121e-01,-2.799809999999999799e-01,-3.120979999999999865e-01
-1.770369999999999999e-01,-2.796839999999999882e-01,-2.988640000000000185e-01
-1.883029999999999982e-01,-2.831179999999999808e-01,-3.051889999999999881e-01
-1.712180000000000091e-01,-2.447809999999999986e-01,-2.935610000000000164e-01
-1.673250000000000015e-01,-2.490900000000000059e-01,-2.977710000000000079e-01
-1.728230000000000044e-01,-2.343349999999999878e-01,-3.030229999999999868e-01
-1.737950000000000050e-01,-2.333890000000000131e-01,-2.862589999999999857e-01
-1.737029999999999963e-01,-2.230910000000000115e-01,-2.902609999999999912e-01
-1.810660000000000047e-01,-2.267830000000000124e-01,-2.764050000000000118e-01
-1.810660000000000047e-01,-2.267830000000000124e-01,-2.764050000000000118e-01
-1.737029999999999963e-01,-2.230910000000000115e-01,-2.902609999999999912e-01
-1.801089999999999913e-01,-2.173799999999999899e-01,-2.813749999999999862e-01
-2.137320000000000053e-01,-2.590569999999999817e-01,-3.091309999999999891e-01
-2.114550000000000041e-01,-2.517530000000000046e-01,-3.172119999999999940e-01
-2.056880000000000097e-01,-2.682640000000000025e-01,-3.140319999999999778e-01
-2.056880000000000097e-01,-2.682640000000000025e-01,-3.140319999999999778e-01
-2.114550000000000041e-01,-2.517530000000000046e-01,-3.172119999999999940e-01
-2.021509999999999974e-01,-2.635580000000000145e-01,-3.216419999999999835e-01
-2.145539999999999947e-01,-2.295949999999999935e-01,-3.064509999999999734e-01
-2.173029999999999962e-01,-2.368619999999999892e-01,-2.996579999999999799e-01
-2.139929999999999888e-01,-2.239669999999999994e-01,-2.982699999999999796e-01
-2.139929999999999888e-01,-2.239669999999999994e-01,-2.982699999999999796e-01
-2.173029999999999962e-01,-2.368619999999999892e-01,-2.996579999999999799e-01
-2.156079999999999941e-01,-2.302710000000000035e-01,-2.909240000000000159e-01
-2.145539999999999947e-01,-2.295949999999999935e-01,-3.064509999999999734e-01
-2.157380000000000131e-01,-2.432829999999999993e-01,-3.072010000000000018e-01
-2.173029999999999962e-01,-2.368619999999999892e-01,-2.996579999999999799e-01
-2.180400000000000116e-01,-2.497199999999999975e-01,-3.008489999999999776e-01
-2.173029999999999962e-01,-2.368619999999999892e-01,-2.996579999999999799e-01
-2.157380000000000131e-01,-2.432829999999999993e-01,-3.072010000000000018e-01
-2.114550000000000041e-01,-2.517530000000000046e-01,-3.172119999999999940e-01
-2.137320000000000053e-01,-2.590569999999999817e-01,-3.091309999999999891e-01
-2.157380000000000131e-01,-2.432829999999999993e-01,-3.072010000000000018e-01
-2.157380000000000131e-01,-2.432829999999999993e-01,-3.072010000000000018e-01
-2.137320000000000053e-01,-2.590569999999999817e-01,-3.091309999999999891e-01
-2.180400000000000116e-01,-2.497199999999999975e-01,-3.008489999999999776e-01
-1.883029999999999982e-01,-2.831179999999999808e-01,-3.051889999999999881e-01
-1.959829999999999905e-01,-2.764340000000000130e-01,-3.149440000000000017e-01
-1.845980000000000121e-01,-2.799809999999999799e-01,-3.120979999999999865e-01
-1.712180000000000091e-01,-2.447809999999999986e-01,-2.935610000000000164e-01
-1.728230000000000044e-01,-2.343349999999999878e-01,-3.030229999999999868e-01
-1.725970000000000004e-01,-2.404310000000000058e-01,-2.905750000000000277e-01
-1.725970000000000004e-01,-2.404310000000000058e-01,-2.905750000000000277e-01
-1.728230000000000044e-01,-2.343349999999999878e-01,-3.030229999999999868e-01
-1.731890000000000096e-01,-2.314209999999999878e-01,-2.999870000000000037e-01
-1.731379999999999864e-01,-2.273529999999999995e-01,-2.963310000000000111e-01
-1.737950000000000050e-01,-2.333890000000000131e-01,-2.862589999999999857e-01
-1.731890000000000096e-01,-2.314209999999999878e-01,-2.999870000000000037e-01
-1.731890000000000096e-01,-2.314209999999999878e-01,-2.999870000000000037e-01
-1.737950000000000050e-01,-2.333890000000000131e-01,-2.862589999999999857e-01
-1.725970000000000004e-01,-2.404310000000000058e-01,-2.905750000000000277e-01
-1.918340000000000045e-01,-2.229679999999999995e-01,-2.737600000000000033e-01
-1.918719999999999870e-01,-2.136619999999999908e-01,-2.785610000000000031e-01
-2.023820000000000063e-01,-2.226640000000000008e-01,-2.763430000000000053e-01
-2.023820000000000063e-01,-2.226640000000000008e-01,-2.763430000000000053e-01
-1.918719999999999870e-01,-2.136619999999999908e-01,-2.785610000000000031e-01
-2.030260000000000120e-01,-2.147409999999999874e-01,-2.825710000000000166e-01
-1.918340000000000045e-01,-2.229679999999999995e-01,-2.737600000000000033e-01
-1.801089999999999913e-01,-2.173799999999999899e-01,-2.813749999999999862e-01
-1.918719999999999870e-01,-2.136619999999999908e-01,-2.785610000000000031e-01
-1.712180000000000091e-01,-2.447809999999999986e-01,-2.935610000000000164e-01
-1.731360000000000121e-01,-2.567440000000000278e-01,-2.882730000000000015e-01
-1.673250000000000015e-01,-2.490900000000000059e-01,-2.977710000000000079e-01
-1.673250000000000015e-01,-2.490900000000000059e-01,-2.977710000000000079e-01
-1.731360000000000121e-01,-2.567440000000000278e-01,-2.882730000000000015e-01
-1.696830000000000005e-01,-2.666709999999999914e-01,-2.948290000000000077e-01
-1.673250000000000015e-01,-2.490900000000000059e-01,-2.977710000000000079e-01
-1.696830000000000005e-01,-2.666709999999999914e-01,-2.948290000000000077e-01
-1.616259999999999919e-01,-2.527900000000000147e-01,-3.043270000000000142e-01
-1.616259999999999919e-01,-2.527900000000000147e-01,-3.043270000000000142e-01
-1.696830000000000005e-01,-2.666709999999999914e-01,-2.948290000000000077e-01
-1.627730000000000010e-01,-2.693409999999999971e-01,-3.025140000000000051e-01
-1.737029999999999963e-01,-2.230910000000000115e-01,-2.902609999999999912e-01
-1.737950000000000050e-01,-2.333890000000000131e-01,-2.862589999999999857e-01
-1.731379999999999864e-01,-2.273529999999999995e-01,-2.963310000000000111e-01
-1.737029999999999963e-01,-2.230910000000000115e-01,-2.902609999999999912e-01
-1.791000000000000092e-01,-2.091109999999999913e-01,-2.872219999999999773e-01
-1.801089999999999913e-01,-2.173799999999999899e-01,-2.813749999999999862e-01
-1.959829999999999905e-01,-2.764340000000000130e-01,-3.149440000000000017e-01
-1.921589999999999965e-01,-2.739639999999999853e-01,-3.226310000000000011e-01
-1.845980000000000121e-01,-2.799809999999999799e-01,-3.120979999999999865e-01
-2.056880000000000097e-01,-2.682640000000000025e-01,-3.140319999999999778e-01
-2.021509999999999974e-01,-2.635580000000000145e-01,-3.216419999999999835e-01
-1.959829999999999905e-01,-2.764340000000000130e-01,-3.149440000000000017e-01
-1.959829999999999905e-01,-2.764340000000000130e-01,-3.149440000000000017e-01
-2.021509999999999974e-01,-2.635580000000000145e-01,-3.216419999999999835e-01
-1.921589999999999965e-01,-2.739639999999999853e-01,-3.226310000000000011e-01
-1.791000000000000092e-01,-2.091109999999999913e-01,-2.872219999999999773e-01
-1.918719999999999870e-01,-2.136619999999999908e-01,-2.785610000000000031e-01
-1.801089999999999913e-01,-2.173799999999999899e-01,-2.813749999999999862e-01
-2.139929999999999888e-01,-2.239669999999999994e-01,-2.982699999999999796e-01
-2.156079999999999941e-01,-2.302710000000000035e-01,-2.909240000000000159e-01
-2.104389999999999872e-01,-2.190139999999999865e-01,-2.903800000000000270e-01
-2.104389999999999872e-01,-2.190139999999999865e-01,-2.903800000000000270e-01
-2.156079999999999941e-01,-2.302710000000000035e-01,-2.909240000000000159e-01
-2.106049999999999867e-01,-2.250870000000000093e-01,-2.824519999999999809e-01
-6.094800000000000217e-02,4.160429999999999962e-01,2.625649999999999928e-01
-4.821799999999999697e-02,4.200470000000000037e-01,2.588090000000000113e-01
-5.378800000000000248e-02,4.407099999999999906e-01,2.868859999999999744e-01
-5.378800000000000248e-02,4.407099999999999906e-01,2.868859999999999744e-01
-4.821799999999999697e-02,4.200470000000000037e-01,2.588090000000000113e-01
-4.191000000000000281e-02,4.451510000000000189e-01,2.824599999999999889e-01
-7.994900000000000617e-02,4.475609999999999866e-01,2.870030000000000081e-01
-8.849200000000000121e-02,4.561970000000000192e-01,2.813089999999999757e-01
-8.932299999999999962e-02,4.241670000000000162e-01,2.645520000000000094e-01
-8.932299999999999962e-02,4.241670000000000162e-01,2.645520000000000094e-01
-8.849200000000000121e-02,4.561970000000000192e-01,2.813089999999999757e-01
-9.886200000000000543e-02,4.324140000000000206e-01,2.591399999999999815e-01
-8.522299999999999320e-02,4.876519999999999744e-01,2.949729999999999852e-01
-8.323700000000000543e-02,4.994549999999999823e-01,2.806549999999999878e-01
-9.352900000000000102e-02,4.663180000000000103e-01,2.732870000000000021e-01
-9.352900000000000102e-02,4.663180000000000103e-01,2.732870000000000021e-01
-8.323700000000000543e-02,4.994549999999999823e-01,2.806549999999999878e-01
-9.310100000000000320e-02,4.798870000000000080e-01,2.606490000000000196e-01
-9.310100000000000320e-02,4.798870000000000080e-01,2.606490000000000196e-01
-8.323700000000000543e-02,4.994549999999999823e-01,2.806549999999999878e-01
-8.510700000000000209e-02,4.962509999999999977e-01,2.483110000000000039e-01
-8.510700000000000209e-02,4.962509999999999977e-01,2.483110000000000039e-01
-8.323700000000000543e-02,4.994549999999999823e-01,2.806549999999999878e-01
-7.674000000000000266e-02,5.144539999999999669e-01,2.671479999999999966e-01
-6.932199999999999473e-02,5.029150000000000009e-01,2.410110000000000030e-01
-7.808199999999999863e-02,4.822489999999999832e-01,2.169049999999999867e-01
-8.510700000000000209e-02,4.962509999999999977e-01,2.483110000000000039e-01
-3.603200000000000153e-02,4.332779999999999965e-01,2.467810000000000004e-01
-3.538700000000000179e-02,4.448790000000000244e-01,2.387630000000000030e-01
-3.513600000000000056e-02,4.591439999999999966e-01,2.703189999999999760e-01
-3.513600000000000056e-02,4.591439999999999966e-01,2.703189999999999760e-01
-3.538700000000000179e-02,4.448790000000000244e-01,2.387630000000000030e-01
-3.498699999999999727e-02,4.703140000000000098e-01,2.612860000000000182e-01
-8.932299999999999962e-02,4.241670000000000162e-01,2.645520000000000094e-01
-7.581699999999999551e-02,4.176230000000000220e-01,2.650299999999999878e-01
-7.994900000000000617e-02,4.475609999999999866e-01,2.870030000000000081e-01
-7.994900000000000617e-02,4.475609999999999866e-01,2.870030000000000081e-01
-7.581699999999999551e-02,4.176230000000000220e-01,2.650299999999999878e-01
-6.755300000000000193e-02,4.416280000000000205e-01,2.886090000000000044e-01
-9.352900000000000102e-02,4.663180000000000103e-01,2.732870000000000021e-01
-8.849200000000000121e-02,4.561970000000000192e-01,2.813089999999999757e-01
-8.522299999999999320e-02,4.876519999999999744e-01,2.949729999999999852e-01
-3.538700000000000179e-02,4.448790000000000244e-01,2.387630000000000030e-01
-4.020399999999999668e-02,4.585310000000000219e-01,2.303419999999999912e-01
-3.498699999999999727e-02,4.703140000000000098e-01,2.612860000000000182e-01
-3.498699999999999727e-02,4.703140000000000098e-01,2.612860000000000182e-01
-4.020399999999999668e-02,4.585310000000000219e-01,2.303419999999999912e-01
-3.780800000000000133e-02,4.834570000000000256e-01,2.516340000000000243e-01
-7.581699999999999551e-02,4.176230000000000220e-01,2.650299999999999878e-01
-6.094800000000000217e-02,4.160429999999999962e-01,2.625649999999999928e-01
-6.755300000000000193e-02,4.416280000000000205e-01,2.886090000000000044e-01
-6.755300000000000193e-02,4.416280000000000205e-01,2.886090000000000044e-01
-6.094800000000000217e-02,4.160429999999999962e-01,2.625649999999999928e-01
-5.378800000000000248e-02,4.407099999999999906e-01,2.868859999999999744e-01
-4.047499999999999709e-02,4.253870000000000151e-01,2.529290000000000149e-01
-3.603200000000000153e-02,4.332779999999999965e-01,2.467810000000000004e-01
-3.588299999999999823e-02,4.518170000000000242e-01,2.769099999999999895e-01
-3.588299999999999823e-02,4.518170000000000242e-01,2.769099999999999895e-01
-3.603200000000000153e-02,4.332779999999999965e-01,2.467810000000000004e-01
-3.513600000000000056e-02,4.591439999999999966e-01,2.703189999999999760e-01
-4.020399999999999668e-02,4.585310000000000219e-01,2.303419999999999912e-01
-4.860899999999999943e-02,4.710969999999999880e-01,2.232210000000000027e-01
-3.780800000000000133e-02,4.834570000000000256e-01,2.516340000000000243e-01
-6.932199999999999473e-02,5.029150000000000009e-01,2.410110000000000030e-01
-6.130800000000000138e-02,4.803000000000000047e-01,2.172509999999999997e-01
-7.808199999999999863e-02,4.822489999999999832e-01,2.169049999999999867e-01
-7.674000000000000266e-02,5.144539999999999669e-01,2.671479999999999966e-01
-6.932199999999999473e-02,5.029150000000000009e-01,2.410110000000000030e-01
-8.510700000000000209e-02,4.962509999999999977e-01,2.483110000000000039e-01
-8.849200000000000121e-02,4.561970000000000192e-01,2.813089999999999757e-01
-9.352900000000000102e-02,4.663180000000000103e-01,2.732870000000000021e-01
-9.886200000000000543e-02,4.324140000000000206e-01,2.591399999999999815e-01
-3.588299999999999823e-02,4.518170000000000242e-01,2.769099999999999895e-01
-4.191000000000000281e-02,4.451510000000000189e-01,2.824599999999999889e-01
-4.047499999999999709e-02,4.253870000000000151e-01,2.529290000000000149e-01
-4.047499999999999709e-02,4.253870000000000151e-01,2.529290000000000149e-01
-4.191000000000000281e-02,4.451510000000000189e-01,2.824599999999999889e-01
-4.821799999999999697e-02,4.200470000000000037e-01,2.588090000000000113e-01
